Angular Momentum Spectrum, a: 1nm    v: 0.5c   b: 1.5nm    Lmax: 5 

         w(au)                   dLEdwx                 dLHdwx                 dLEdwz                dLHdwz                  dLEsdwx                dLHsdwx                dLEsdwz                dLHsdwz              dLEedwx                dLHedwx                dLEedwz                dLHedwz
2.7133085101382903e-05 0 0 0 0 0 0 0 0 4.9245256835391323e-10 9.0506927334228527e-11 0 0 
0.00016350137266446518 0 0 0 0 0 0 0 0 2.9674721679433435e-09 5.4538606866514265e-10 0 0 
0.00044071608147164265 0 0 0 0 0 0 0 0 7.9987895633309992e-09 1.4700817767075058e-09 0 0 
0.00086081093448711621 0 0 0 0 0 0 0 0 1.562332658594123e-08 2.8713772006905837e-09 0 0 
0.0014186158185829911 0 0 0 0 0 0 0 0 2.5747277719214605e-08 4.7320246830120985e-09 0 0 
0.0021126012396145422 0 0 0 0 0 0 0 0 3.834294499351016e-08 7.0469183602455052e-09 0 0 
0.0029445282021452468 0 0 0 0 0 0 0 0 5.3442400449981546e-08 9.8219251162256137e-09 0 0 
0.003914494797101431 0 0 0 0 0 0 0 0 7.1047602085594308e-08 1.3057360379053351e-08 0 0 
0.0050201606205499683 0 0 0 0 0 0 0 0 9.1116333987842021e-08 1.6745399825807275e-08 0 0 
0.0062598227079137536 0 0 0 0 0 0 0 0 1.1361805269074924e-07 2.0880338223931497e-08 0 0 
0.0076333052380676558 0 0 0 0 0 0 0 0 1.3855005848603926e-07 2.5461555429960376e-08 0 0 
0.0091398683995556618 0 0 0 0 0 0 0 0 1.658995608096111e-07 3.0486539599476122e-08 0 0 
0.010777394218820652 0 0 0 0 0 0 0 0 1.956289142945904e-07 3.5948170257984564e-08 0 0 
0.012543920653532964 0 0 0 0 0 0 0 0 2.2770348197504465e-07 4.1839833885232723e-08 0 0 
0.014438359865826866 0 0 0 0 0 0 0 0 2.6210469659361264e-07 4.8157817819401751e-08 0 0 
0.016459317295570902 0 0 0 0 0 0 0 0 2.9880863838278059e-07 5.4897369969055813e-08 0 0 
0.018604465124198805 0 0 0 0 0 0 0 0 3.3777466554091092e-07 6.2050608408298347e-08 0 0 
0.020871493322656143 0 0 0 0 0 0 0 0 3.7896269220973946e-07 6.9609692212673542e-08 0 0 
0.02325866555547923 0 0 0 0 0 0 0 0 4.2234330095785261e-07 7.7568673751354663e-08 0 0 
0.025764035426540266 0 0 0 0 0 0 0 0 4.6788351566179777e-07 8.592088406939804e-08 0 0 
0.028384954922211783 0 0 0 0 0 0 0 0 5.1553786524807139e-07 9.4657293833094401e-08 0 0 
0.03111874318509282 0 0 0 0 0 0 0 0 5.6526053347716139e-07 1.037687428819011e-07 0 0 
0.03396313314120275 0 0 0 0 0 0 0 0 6.1701348489847503e-07 1.1324742816042069e-07 0 0 
0.036915696827193673 0 0 0 0 0 0 0 0 6.7075601512844418e-07 1.2308498774896853e-07 0 0 
0.039973443719530891 0 0 0 0 0 0 0 0 7.2643742599552784e-07 1.3327116311378084e-07 0 0 
0.043133331363444494 0 0 0 0 0 0 0 0 7.8400630026984068e-07 1.4379550149955276e-07 0 0 
0.046392639076863182 0 0 0 0 0 0 0 0 8.4341730170144812e-07 1.54648600787621e-07 0 0 
0.04974851682369448 0 0 0 0 0 0 0 0 9.0462294840500966e-07 1.6582060712688222e-07 0 0 
0.053197644277142853 0 0 0 0 0 0 0 0 9.6756736889249814e-07 1.7730008150095049e-07 0 0 
0.056736644309891504 0 0 0 0 0 0 0 0 1.0321938112807035e-06 1.8907537838451456e-07 0 0 
0.060362407086757761 0 0 0 0 0 0 0 0 1.0984505433869342e-06 2.0113572516179316e-07 0 0 
0.06407171754730441 0 0 0 0 0 0 0 0 1.1662840336737492e-06 2.134699836064594e-07 0 0 
0.067860956253416371 0 0 0 0 0 0 0 0 1.2356334445741469e-06 2.2606565768647219e-07 0 0 
0.071726449595072114 0 0 0 0 0 0 0 0 1.3064369947313848e-06 2.389100611892608e-07 0 0 
0.075664759711413662 0 0 0 0 0 0 0 0 1.3786372440278907e-06 2.5199128292071419e-07 0 0 
0.079672364357093836 0 0 0 0 0 0 0 0 1.4521752076134331e-06 2.6529712457742143e-07 0 0 
0.083745386635392521 0 0 0 0 0 0 0 0 1.526985354011054e-06 2.7881420678639603e-07 0 0 
0.087879902516054403 0 0 0 0 0 0 0 0 1.603001199686694e-06 2.9252899403901623e-07 0 0 
0.092072207353293106 0 0 0 0 0 0 0 0 1.6801601804257177e-06 3.0642868116444309e-07 0 0 
0.09631853149673858 0 0 0 0 0 0 0 0 1.7583983988093142e-06 3.2050025201960008e-07 0 0 
0.10061478961526461 0 0 0 0 0 0 0 0 1.8376459605761991e-06 3.3472965270500235e-07 0 0 
0.1049568590497002 0 0 0 0 0 0 0 0 1.9178320532371677e-06 3.4910271843193258e-07 0 0 
0.10934083090140731 0 0 0 0 0 0 0 0 1.9988895552548328e-06 3.6360600731739434e-07 0 0 
0.11376275003283018 0 0 0 0 0 0 0 0 2.0807502133648435e-06 3.7822594188716459e-07 0 0 
0.1182183768392184 0 0 0 0 0 0 0 0 2.1633401895342411e-06 3.9294802555532879e-07 0 0 
0.12270344595643837 0 0 0 0 0 0 0 0 2.2465848029090802e-06 4.0775770260788751e-07 0 0 
0.12721390824064918 0 0 0 0 0 0 0 0 2.3304129984908858e-06 4.2264115975534655e-07 0 0 
0.13174568684716667 0 0 0 0 0 0 0 0 2.4147528053364279e-06 4.3758452259035668e-07 0 0 
0.13629444554612472 0 0 0 0 0 0 0 0 2.4995269879742638e-06 4.525730955757872e-07 0 0 
0.14085583497741319 0 0 0 0 0 0 0 0 2.5846575884476831e-06 4.6759217850506444e-07 0 0 
0.14542573093919775 0 0 0 0 0 0 0 0 2.6700703596486187e-06 4.8262785316719707e-07 0 0 
0.14999999999999999 0 0 0 0 0 0 0 0 2.7556903862248629e-06 4.9766621284157081e-07 0 0 
0.15457426906080224 0 0 0 0 0 0 0 0 2.8414377436562915e-06 5.1269260815206259e-07 0 0 
0.1591441650225868 0 0 0 0 0 0 0 0 2.9272319525054144e-06 5.2769243891258772e-07 0 0 
0.16370555445387527 0 0 0 0 0 0 0 0 3.0129964749663904e-06 5.4265194204856258e-07 0 0 
0.16825431315283332 0 0 0 0 0 0 0 0 3.0986543959786368e-06 5.575574355288152e-07 0 0 
0.17278609175935081 0 0 0 0 0 0 0 0 3.184123992716456e-06 5.7239455294111655e-07 0 0 
0.17729655404356162 0 0 0 0 0 0 0 0 3.2693232006148067e-06 5.8714902743228615e-07 0 0 
0.18178162316078159 0 0 0 0 0 0 0 0 3.3541742740801476e-06 6.018074974406368e-07 0 0 
0.18623724996716981 0 0 0 0 0 0 0 0 3.4385994301438798e-06 6.1635674792329275e-07 0 0 
0.19065916909859268 0 0 0 0 0 0 0 0 3.5225162212609141e-06 6.3078291545846804e-07 0 0 
0.19504314095029979 0 0 0 0 0 0 0 0 3.6058421098020581e-06 6.4507228052308975e-07 0 0 
0.19938521038473539 0 0 0 0 0 0 0 0 3.6884994062578035e-06 6.5921210970368137e-07 0 0 
0.20368146850326141 0 0 0 0 0 0 0 0 3.770410773438226e-06 6.7318987696975466e-07 0 0 
0.20792779264670688 0 0 0 0 0 0 0 0 3.8514942745511801e-06 6.8699241823291063e-07 0 0 
0.21212009748394559 0 0 0 0 0 0 0 0 3.9316681593723906e-06 7.0060674933497044e-07 0 0 
0.21625461336460747 0 0 0 0 0 0 0 0 4.0108562188969929e-06 7.14020967676878e-07 0 0 
0.22032763564290614 0 0 0 0 0 0 0 0 4.0889830342556526e-06 7.2722343456176568e-07 0 0 
0.22433524028858631 0 0 0 0 0 0 0 0 4.165968535596215e-06 7.4020185270837118e-07 0 0 
0.22827355040492786 0 0 0 0 0 0 0 0 4.2417331206850415e-06 7.5294413024432498e-07 0 0 
0.23213904374658362 0 0 0 0 0 0 0 0 4.3162036105716105e-06 7.6543937215911758e-07 0 0 
0.23592828245269559 0 0 0 0 0 0 0 0 4.389308101541111e-06 7.7767700098771134e-07 0 0 
0.23963759291324221 0 0 0 0 0 0 0 0 4.4609698090266546e-06 7.8964572127597188e-07 0 0 
0.24326335569010848 0 0 0 0 0 0 0 0 4.5311126719696728e-06 8.0133445518586127e-07 0 0 
0.24680235572285714 0 0 0 0 0 0 0 0 4.5996681730632258e-06 8.1273346695743186e-07 0 0 
0.25025148317630552 0 0 0 0 0 0 0 0 4.6665696086196107e-06 8.2383339252872353e-07 0 0 
0.25360736092313679 0 0 0 0 0 0 0 0 4.7317448865362544e-06 8.3462403831973797e-07 0 0 
0.2568666686365555 0 0 0 0 0 0 0 0 4.7951228251502646e-06 8.4509542298452617e-07 0 0 
0.26002655628046911 0 0 0 0 0 0 0 0 4.85664124167006e-06 8.5523910057737582e-07 0 0 
0.26308430317280629 0 0 0 0 0 0 0 0 4.9162403830834947e-06 8.6504705839159667e-07 0 0 
0.26603686685879724 0 0 0 0 0 0 0 0 4.9738541572460558e-06 8.745102671156123e-07 0 0 
0.26888125681490715 0 0 0 0 0 0 0 0 5.0294174277320739e-06 8.8361987812963882e-07 0 0 
0.27161504507778822 0 0 0 0 0 0 0 0 5.0828760366976392e-06 8.9236885318246298e-07 0 0 
0.27423596457345972 0 0 0 0 0 0 0 0 5.1341790201093998e-06 9.0075067061740995e-07 0 0 
0.27674133444452076 0 0 0 0 0 0 0 0 5.1832673808478688e-06 9.0875748465002994e-07 0 0 
0.27912850667734385 0 0 0 0 0 0 0 0 5.2300828373399681e-06 9.1638155260043055e-07 0 0 
0.28139553487580116 0 0 0 0 0 0 0 0 5.2745809847525514e-06 9.2361736506007976e-07 0 0 
0.28354068270442911 0 0 0 0 0 0 0 0 5.3167217160794803e-06 9.3046006835007619e-07 0 0 
0.28556164013417312 0 0 0 0 0 0 0 0 5.3564538432107044e-06 9.3690296186678377e-07 0 0 
0.287456079346467 0 0 0 0 0 0 0 0 5.3937260158055611e-06 9.4293927100561429e-07 0 0 
0.28922260578117931 0 0 0 0 0 0 0 0 5.4285054739997272e-06 9.4856517210120518e-07 0 0 
0.29086013160044433 0 0 0 0 0 0 0 0 5.4607657817057569e-06 9.5377778839169935e-07 0 0 
0.29236669476193233 0 0 0 0 0 0 0 0 5.4904635732904562e-06 9.5857142890249024e-07 0 0 
0.29374017729208624 0 0 0 0 0 0 0 0 5.5175526910586027e-06 9.6293987587554539e-07 0 0 
0.29497983937945005 0 0 0 0 0 0 0 0 5.5420144772122219e-06 9.6688125932804919e-07 0 0 
0.29608550520289856 0 0 0 0 0 0 0 0 5.5638417761757262e-06 9.7039545979799842e-07 0 0 
0.29705547179785474 0 0 0 0 0 0 0 0 5.582997657829601e-06 9.7347746088609605e-07 0 0 
0.29788739876038545 0 0 0 0 0 0 0 0 5.5994329522679074e-06 9.7612018012319904e-07 0 0 
0.298581384181417 0 0 0 0 0 0 0 0 5.6131470438172303e-06 9.7832423642999506e-07 0 0 
0.29913918906551284 0 0 0 0 0 0 0 0 5.6241726140776969e-06 9.80095478153979e-07 0 0 
0.29955928391852837 0 0 0 0 0 0 0 0 5.6324777324468327e-06 9.8142925383809607e-07 0 0 
0.29983649862733552 0 0 0 0 0 0 0 0 5.6379588810551167e-06 9.823093068179382e-07 0 0 
0.29997286691489861 0 0 0 0 0 0 0 0 5.6406553933584012e-06 9.8274219973666266e-07 0 0 
0.30000059078074809 0 0 0 0 0 0 0 0 5.6412036150094533e-06 9.8283020543254237e-07 0 0 
0.30000356082818674 0 0 0 0 0 0 0 0 5.6412623461293734e-06 9.8283963340898734e-07 0 0 
0.30000960107539265 0 0 0 0 0 0 0 0 5.6413817890307073e-06 9.8285880725614479e-07 0 0 
0.30001876084094969 0 0 0 0 0 0 0 0 5.6415629193814115e-06 9.8288788347774917e-07 0 0 
0.30003093563367417 0 0 0 0 0 0 0 0 5.641803671537313e-06 9.8292653030754203e-07 0 0 
0.30004610295221368 0 0 0 0 0 0 0 0 5.6421036013561405e-06 9.8297467622007355e-07 0 0 
0.30006431407443207 0 0 0 0 0 0 0 0 5.6424637238650785e-06 9.830324838638899e-07 0 0 
0.3000855865904401 0 0 0 0 0 0 0 0 5.6428843881444186e-06 9.8310000892516431e-07 0 0 
0.30010988814452072 0 0 0 0 0 0 0 0 5.6433649558014754e-06 9.8317714852271067e-07 0 0 
0.30013720290229112 0 0 0 0 0 0 0 0 5.6439051153427793e-06 9.8326385219570096e-07 0 0 
0.30016755019256702 0 0 0 0 0 0 0 0 5.6445052508422905e-06 9.8336018107539023e-07 0 0 
0.30020093951885418 0 0 0 0 0 0 0 0 5.6451655522901852e-06 9.8346616507892035e-07 0 0 
0.30023735358012893 0 0 0 0 0 0 0 0 5.6458856797995998e-06 9.8358174901596738e-07 0 0 
0.30027678100656341 0 0 0 0 0 0 0 0 5.6466654109680148e-06 9.8370689649987504e-07 0 0 
0.30031923113205899 0 0 0 0 0 0 0 0 5.6475049330361934e-06 9.8384163683596673e-07 0 0 
0.30036470895443051 0 0 0 0 0 0 0 0 5.6484043477045677e-06 9.8398598554060576e-07 0 0 
0.30041320235572655 0 0 0 0 0 0 0 0 5.6493634183765474e-06 9.841399037793919e-07 0 0 
0.3004647020007068 0 0 0 0 0 0 0 0 5.6503819636775307e-06 9.8430336152748644e-07 0 0 
0.30051921244176577 0 0 0 0 0 0 0 0 5.6514600770944856e-06 9.8447637281498599e-07 0 0 
0.30057673584545436 0 0 0 0 0 0 0 0 5.6525978051343685e-06 9.8465894407427125e-07 0 0 
0.30063726226509496 0 0 0 0 0 0 0 0 5.6537949549202624e-06 9.8485104326790239e-07 0 0 
0.30070078325932281 0 0 0 0 0 0 0 0 5.6550513635333539e-06 9.85052643113521e-07 0 0 
0.30076730048515166 0 0 0 0 0 0 0 0 5.6563670679867237e-06 9.8526374835512673e-07 0 0 
0.30083681409142204 0 0 0 0 0 0 0 0 5.6577420756637667e-06 9.8548435892558375e-07 0 0 
0.30090931506552177 0 0 0 0 0 0 0 0 5.6591762129239881e-06 9.8571444565910146e-07 0 0 
0.30098479527725086 0 0 0 0 0 0 0 0 5.660669323762231e-06 9.8595398216818401e-07 0 0 
0.30106325434740078 0 0 0 0 0 0 0 0 5.6622214056864383e-06 9.8620296664030009e-07 0 0 
0.30114469084704187 0 0 0 0 0 0 0 0 5.6638324356347029e-06 9.8646139390771378e-07 0 0 
0.30122909609124293 0 0 0 0 0 0 0 0 5.6655022471898942e-06 9.8672923575382658e-07 0 0 
0.3013164619346731 0 0 0 0 0 0 0 0 5.6672306847853593e-06 9.8700646565279737e-07 0 0 
0.30140678641540108 0 0 0 0 0 0 0 0 5.6690177153672797e-06 9.8729307667782132e-07 0 0 
0.30150006678721131 0 0 0 0 0 0 0 0 5.6708632905542262e-06 9.8758905939021505e-07 0 0 
0.30159629435932384 0 0 0 0 0 0 0 0 5.672767244531328e-06 9.8789438546669944e-07 0 0 
0.30169546077511855 0 0 0 0 0 0 0 0 5.6747294182649323e-06 9.8820902762336812e-07 0 0 
0.30179756275556435 0 0 0 0 0 0 0 0 5.6767497533641146e-06 9.8853297466541226e-07 0 0 
0.30190259640313605 0 0 0 0 0 0 0 0 5.67882817938146e-06 9.8886621341327872e-07 0 0 
0.30201055282261291 0 0 0 0 0 0 0 0 5.6809645271478988e-06 9.8920871480985206e-07 0 0 
0.30212142332185188 0 0 0 0 0 0 0 0 5.6831586316759099e-06 9.8956045042217935e-07 0 0 
0.3022352034731085 0 0 0 0 0 0 0 0 5.6854104125360684e-06 9.8992140532545449e-07 0 0 
0.3023518883399543 0 0 0 0 0 0 0 0 5.6877197794054125e-06 9.9029156295964763e-07 0 0 
0.30247146869773511 0 0 0 0 0 0 0 0 5.6900865572564589e-06 9.9067089314070559e-07 0 0 
0.3025939354371715 0 0 0 0 0 0 0 0 5.6925105735001105e-06 9.9105936603130476e-07 0 0 
0.30271928309559171 0 0 0 0 0 0 0 0 5.6949917278839778e-06 9.9145696334172041e-07 0 0 
0.30284750577789543 0 0 0 0 0 0 0 0 5.6975299117606075e-06 9.9186366539009869e-07 0 0 
0.30297859384828757 0 0 0 0 0 0 0 0 5.7001249425922665e-06 9.9227944061011844e-07 0 0 
0.30311253772548813 0 0 0 0 0 0 0 0 5.7027766390663755e-06 9.9270425759007102e-07 0 0 
0.30324933099307072 0 0 0 0 0 0 0 0 5.7054848826748776e-06 9.9313809493722055e-07 0 0 
0.30338896685726768 0 0 0 0 0 0 0 0 5.7082495475938693e-06 9.9358093004270546e-07 0 0 
0.30353143521647546 0 0 0 0 0 0 0 0 5.7110704426546679e-06 9.9403272978882375e-07 0 0 
0.30367672598016987 0 0 0 0 0 0 0 0 5.7139473770451645e-06 9.944934610757498e-07 0 0 
0.30382483183890985 0 0 0 0 0 0 0 0 5.7168802151613117e-06 9.9496309960517548e-07 0 0 
0.30397574514708342 0 0 0 0 0 0 0 0 5.7198688148870957e-06 9.954416199945373e-07 0 0 
0.3041294553003685 0 0 0 0 0 0 0 0 5.7229129756508788e-06 9.9592898746235746e-07 0 0 
0.30428595167385342 0 0 0 0 0 0 0 0 5.7260124966003519e-06 9.9642516714575428e-07 0 0 
0.3044452261125361 0 0 0 0 0 0 0 0 5.7291672259303557e-06 9.969301319964094e-07 0 0 
0.30460727015695027 0 0 0 0 0 0 0 0 5.7323770059390418e-06 9.9744385398370882e-07 0 0 
0.3047720726753122 0 0 0 0 0 0 0 0 5.7356416261175646e-06 9.9796629658897498e-07 0 0 
0.30493962249179912 0 0 0 0 0 0 0 0 5.7389608752006139e-06 9.9849742313898828e-07 0 0 
0.30510991064440918 0 0 0 0 0 0 0 0 5.7423345858977749e-06 9.9903720396313432e-07 0 0 
0.3052829278917657 0 0 0 0 0 0 0 0 5.7457625855059195e-06 9.995856084895046e-07 0 0 
0.30545866255853232 0 0 0 0 0 0 0 0 5.7492446532126231e-06 1.0001425984165624e-06 0 0 
0.30563710290779411 0 0 0 0 0 0 0 0 5.7527805670898691e-06 1.000708135233978e-06 0 0 
0.30581823920302886 0 0 0 0 0 0 0 0 5.7563701449549862e-06 1.0012821867575264e-06 0 0 
0.30600206144869169 0 0 0 0 0 0 0 0 5.7600131996022642e-06 1.0018647199677397e-06 0 0 
0.30618855741616091 0 0 0 0 0 0 0 0 5.7637094996728925e-06 1.0024556947550775e-06 0 0 
0.30637771480205561 0 0 0 0 0 0 0 0 5.7674588124188751e-06 1.0030550707608614e-06 0 0 
0.3065695231235866 0 0 0 0 0 0 0 0 5.7712609412722175e-06 1.0036628133828232e-06 0 0 
0.3067639716558373 0 0 0 0 0 0 0 0 5.7751156849628839e-06 1.004278887238635e-06 0 0 
0.30696104761198062 0 0 0 0 0 0 0 0 5.7790228014356359e-06 1.004903250401154e-06 0 0 
0.30716073812053796 0 0 0 0 0 0 0 0 5.7829820470369943e-06 1.0055358606642731e-06 0 0 
0.30736303197774273 0 0 0 0 0 0 0 0 5.7869932112600856e-06 1.0061766810941515e-06 0 0 
0.30756791775203129 0 0 0 0 0 0 0 0 5.7910560791653755e-06 1.0068256740239435e-06 0 0 
0.30777538209719352 0 0 0 0 0 0 0 0 5.7951703979231796e-06 1.0074827957115075e-06 0 0 
0.30798541157500653 0 0 0 0 0 0 0 0 5.799335912946098e-06 1.0081480021139407e-06 0 0 
0.30819799428392974 0 0 0 0 0 0 0 0 5.8035524001911651e-06 1.0088212540459177e-06 0 0 
0.3084131181070271 0 0 0 0 0 0 0 0 5.8078196314141265e-06 1.0095025116301179e-06 0 0 
0.30863076914050946 0 0 0 0 0 0 0 0 5.8121373429898486e-06 1.0101917293216477e-06 0 0 
0.30885093338319863 0 0 0 0 0 0 0 0 5.8165052694144885e-06 1.0108888612594725e-06 0 0 
0.30907359825752045 0 0 0 0 0 0 0 0 5.8209231734817277e-06 1.0115938660824461e-06 0 0 
0.30929875098144011 0 0 0 0 0 0 0 0 5.8253908139854955e-06 1.0123067017738507e-06 0 0 
0.30952637709782327 0 0 0 0 0 0 0 0 5.8299079165304504e-06 1.0130273210062577e-06 0 0 
0.30975646204835283 0 0 0 0 0 0 0 0 5.8344742047529011e-06 1.0137556761257866e-06 0 0 
0.30998899260014878 0 0 0 0 0 0 0 0 5.8390894286339041e-06 1.0144917236681548e-06 0 0 
0.3102239553256797 0 0 0 0 0 0 0 0 5.8437533343337396e-06 1.0152354195463933e-06 0 0 
0.31046133522072034 0 0 0 0 0 0 0 0 5.8484656367509195e-06 1.0159867146773735e-06 0 0 
0.31070111717734966 0 0 0 0 0 0 0 0 5.8532260487509029e-06 1.0167455596453141e-06 0 0 
0.31094328732742715 0 0 0 0 0 0 0 0 5.8580343078382201e-06 1.0175119089534963e-06 0 0 
0.31118783161709973 0 0 0 0 0 0 0 0 5.8628901478579319e-06 1.0182857165126721e-06 0 0 
0.31143473450301623 0 0 0 0 0 0 0 0 5.8677932730992193e-06 1.0190669315164581e-06 0 0 
0.31168398033666844 0 0 0 0 0 0 0 0 5.8727433857738474e-06 1.019855502822989e-06 0 0 
0.31193555463426204 0 0 0 0 0 0 0 0 5.877740211235996e-06 1.0206513829725802e-06 0 0 
0.31218944273455362 0 0 0 0 0 0 0 0 5.8827834713286188e-06 1.0214545239410701e-06 0 0 
0.31244562856450336 0 0 0 0 0 0 0 0 5.8878728598562697e-06 1.022264873236098e-06 0 0 
0.31270409594532783 0 0 0 0 0 0 0 0 5.8930080685188511e-06 1.0230823780297828e-06 0 0 
0.31296482979693069 0 0 0 0 0 0 0 0 5.8981888108410457e-06 1.0239069889682766e-06 0 0 
0.31322781486950368 0 0 0 0 0 0 0 0 5.9034147969734721e-06 1.0247386561596769e-06 0 0 
0.31349303457104072 0 0 0 0 0 0 0 0 5.9086857103856726e-06 1.0255773254670914e-06 0 0 
0.31376047220394265 0 0 0 0 0 0 0 0 5.914001232429919e-06 1.0264229424204947e-06 0 0 
0.31403011211104542 0 0 0 0 0 0 0 0 5.9193610651189397e-06 1.027275455840398e-06 0 0 
0.31430193847279941 0 0 0 0 0 0 0 0 5.9247649072206202e-06 1.0281348140344262e-06 0 0 
0.31457593419009189 0 0 0 0 0 0 0 0 5.9302124320412062e-06 1.0290009612663468e-06 0 0 
0.31485208205899384 0 0 0 0 0 0 0 0 5.9357033107693254e-06 1.0298738414711637e-06 0 0 
0.31513036586449461 0 0 0 0 0 0 0 0 5.9412372342229595e-06 1.0307534017123543e-06 0 0 
0.31541076923620442 0 0 0 0 0 0 0 0 5.9468138900981471e-06 1.0316395885646383e-06 0 0 
0.31569327458077889 0 0 0 0 0 0 0 0 5.9524329417294986e-06 1.0325323447409305e-06 0 0 
0.31597786420137325 0 0 0 0 0 0 0 0 5.9580940503442426e-06 1.033431612631472e-06 0 0 
0.31626452134441668 0 0 0 0 0 0 0 0 5.9637968958842353e-06 1.0343373376115514e-06 0 0 
0.31655322910771699 0 0 0 0 0 0 0 0 5.9695411552872717e-06 1.0352494645910553e-06 0 0 
0.31684396941748982 0 0 0 0 0 0 0 0 5.9753264821262701e-06 1.0361679347834823e-06 0 0 
0.31713672409823351 0 0 0 0 0 0 0 0 5.9811525278861954e-06 1.037092689087229e-06 0 0 
0.3174314758772282 0 0 0 0 0 0 0 0 5.987018961954037e-06 1.0380236712586674e-06 0 0 
0.31772820733969809 0 0 0 0 0 0 0 0 5.9929254508269943e-06 1.0389608246115278e-06 0 0 
0.31802689994604366 0 0 0 0 0 0 0 0 5.9988716385429558e-06 1.0399040889139716e-06 0 0 
0.31832753505713929 0 0 0 0 0 0 0 0 6.0048571670799024e-06 1.0408534036279491e-06 0 0 
0.31863009490069605 0 0 0 0 0 0 0 0 6.0108816955948311e-06 1.0418087109607227e-06 0 0 
0.31893456156878719 0 0 0 0 0 0 0 0 6.0169448804668203e-06 1.042769952699195e-06 0 0 
0.31924091607138455 0 0 0 0 0 0 0 0 6.0230463564413438e-06 1.0437370672227023e-06 0 0 
0.31954913932148515 0 0 0 0 0 0 0 0 6.0291857562389829e-06 1.0447099926143655e-06 0 0 
0.31985921306701176 0 0 0 0 0 0 0 0 6.0353627291170122e-06 1.0456886696027663e-06 0 0 
0.3201711189265562 0 0 0 0 0 0 0 0 6.0415769216640657e-06 1.0466730385180251e-06 0 0 
0.32048483747574891 0 0 0 0 0 0 0 0 6.0478279595906617e-06 1.0476630364093231e-06 0 0 
0.32080034919611577 0 0 0 0 0 0 0 0 6.0541154666239289e-06 1.0486586000406351e-06 0 0 
0.32111763537579568 0 0 0 0 0 0 0 0 6.0604390824565937e-06 1.04965966873291e-06 0 0 
0.32143667717982172 0 0 0 0 0 0 0 0 6.066798444221361e-06 1.0506661814302959e-06 0 0 
0.32175745476621653 0 0 0 0 0 0 0 0 6.0731931688647448e-06 1.0516780739124599e-06 0 0 
0.32207994820205293 0 0 0 0 0 0 0 0 6.0796228713976716e-06 1.0526952816857545e-06 0 0 
0.32240413833593007 0 0 0 0 0 0 0 0 6.0860871822901142e-06 1.0537177427352572e-06 0 0 
0.32273000589950696 0 0 0 0 0 0 0 0 6.0925857295591994e-06 1.0547453946906285e-06 0 0 
0.32305753065053078 0 0 0 0 0 0 0 0 6.0991181216721229e-06 1.0557781721244862e-06 0 0 
0.32338669225920808 0 0 0 0 0 0 0 0 6.1056839652139021e-06 1.0568160093487994e-06 0 0 
0.32371747115509103 0 0 0 0 0 0 0 0 6.1122828817794177e-06 1.0578588430851382e-06 0 0 
0.32404984765691663 0 0 0 0 0 0 0 0 6.1189144906179586e-06 1.058906609720952e-06 0 0 
0.32438380114004395 0 0 0 0 0 0 0 0 6.1255783920148237e-06 1.0599592426858699e-06 0 0 
0.32471931089592931 0 0 0 0 0 0 0 0 6.1322741844312322e-06 1.0610166751622173e-06 0 0 
0.3250563569558238 0 0 0 0 0 0 0 0 6.1390014809418078e-06 1.0620788426811486e-06 0 0 
0.32539491924626252 0 0 0 0 0 0 0 0 6.1457598923830125e-06 1.0631456804608039e-06 0 0 
0.3257349767786189 0 0 0 0 0 0 0 0 6.1525490111676261e-06 1.064217120853359e-06 0 0 
0.32607650848420761 0 0 0 0 0 0 0 0 6.1593684279469013e-06 1.0652930959776755e-06 0 0 
0.32641949401697845 0 0 0 0 0 0 0 0 6.1662177476375418e-06 1.0663735402481368e-06 0 0 
0.32676391293224999 0 0 0 0 0 0 0 0 6.1730965730251124e-06 1.0674583877871561e-06 0 0 
0.32710974389629088 0 0 0 0 0 0 0 0 6.1800044889710872e-06 1.0685475699363459e-06 0 0 
0.32745696549934095 0 0 0 0 0 0 0 0 6.1869410786421994e-06 1.0696410178184618e-06 0 0 
0.32780555703929937 0 0 0 0 0 0 0 0 6.1939059391662765e-06 1.0707386648054079e-06 0 0 
0.32815549772151353 0 0 0 0 0 0 0 0 6.2008986656480538e-06 1.0718404439980413e-06 0 0 
0.32850676588647182 0 0 0 0 0 0 0 0 6.2079188357298181e-06 1.0729462857954381e-06 0 0 
0.32885933980283194 0 0 0 0 0 0 0 0 6.2149660254301179e-06 1.0740561203927904e-06 0 0 
0.3292131984339382 0 0 0 0 0 0 0 0 6.2220398244646936e-06 1.0751698801942944e-06 0 0 
0.32956832065666469 0 0 0 0 0 0 0 0 6.229139820634588e-06 1.0762874973539967e-06 0 0 
0.32992468450545465 0 0 0 0 0 0 0 0 6.2362655847061913e-06 1.0774089013975213e-06 0 0 
0.3302822679472715 0 0 0 0 0 0 0 0 6.2434166858967484e-06 1.0785340216619952e-06 0 0 
0.33064104963263763 0 0 0 0 0 0 0 0 6.2505927068938124e-06 1.0796627896591687e-06 0 0 
0.33100100813169403 0 0 0 0 0 0 0 0 6.25779322858011e-06 1.0807951366715191e-06 0 0 
0.33136212119295427 0 0 0 0 0 0 0 0 6.2650178151993976e-06 1.0819309914212141e-06 0 0 
0.33172436650193982 0 0 0 0 0 0 0 0 6.2722660295244544e-06 1.0830702824576816e-06 0 0 
0.33208772241831169 0 0 0 0 0 0 0 0 6.2795374476067074e-06 1.0842129404759307e-06 0 0 
0.33245216722744925 0 0 0 0 0 0 0 0 6.2868316438027638e-06 1.0853588959624864e-06 0 0 
0.33281767841240123 0 0 0 0 0 0 0 0 6.2941481761975661e-06 1.0865080769068788e-06 0 0 
0.33318423339783604 0 0 0 0 0 0 0 0 6.301486601486272e-06 1.0876604111419463e-06 0 0 
0.33355181027472963 0 0 0 0 0 0 0 0 6.3088464894828681e-06 1.0888158286219967e-06 0 0 
0.3339203870658895 0 0 0 0 0 0 0 0 6.316227408418464e-06 1.0899742591136064e-06 0 0 
0.33428994100968523 0 0 0 0 0 0 0 0 6.3236289105921404e-06 1.091135629945141e-06 0 0 
0.33466044929082917 0 0 0 0 0 0 0 0 6.3310505469974577e-06 1.0922998683045757e-06 0 0 
0.33503188975399084 0 0 0 0 0 0 0 0 6.338491881617764e-06 1.0934669034818558e-06 0 0 
0.33540424018180082 0 0 0 0 0 0 0 0 6.3459524769661985e-06 1.0946366645998879e-06 0 0 
0.33577747758902715 0 0 0 0 0 0 0 0 6.3534318799382882e-06 1.0958090783978991e-06 0 0 
0.33615157894160369 0 0 0 0 0 0 0 0 6.3609296362113897e-06 1.0969840714912702e-06 0 0 
0.3365265218604615 0 0 0 0 0 0 0 0 6.3684453043519031e-06 1.0981615725821067e-06 0 0 
0.33690228391063765 0 0 0 0 0 0 0 0 6.3759784415700164e-06 1.0993415102261515e-06 0 0 
0.3372788419046418 0 0 0 0 0 0 0 0 6.3835285897490408e-06 1.1005238106459561e-06 0 0 
0.33765617261106029 0 0 0 0 0 0 0 0 6.3910952896439075e-06 1.1017083999569542e-06 0 0 
0.33803425344982685 0 0 0 0 0 0 0 0 6.3986780948249133e-06 1.1028952063501025e-06 0 0 
0.33841306179114261 0 0 0 0 0 0 0 0 6.4062765576217649e-06 1.1040841578905916e-06 0 0 
0.3387925742668389 0 0 0 0 0 0 0 0 6.413890215304911e-06 1.1052751803571201e-06 0 0 
0.33917276746981306 0 0 0 0 0 0 0 0 6.4215186041094015e-06 1.1064681994381175e-06 0 0 
0.33955361864189998 0 0 0 0 0 0 0 0 6.429161273037376e-06 1.1076631428901291e-06 0 0 
0.33993510498137897 0 0 0 0 0 0 0 0 6.436817769966858e-06 1.1088599383644819e-06 0 0 
0.34031720296119455 0 0 0 0 0 0 0 0 6.4444876279636787e-06 1.1100585112690411e-06 0 0 
0.34069988902041393 0 0 0 0 0 0 0 0 6.4521703791528183e-06 1.1112587869383673e-06 0 0 
0.34108314024581227 0 0 0 0 0 0 0 0 6.4598655684029202e-06 1.1124606927713282e-06 0 0 
0.3414669336868012 0 0 0 0 0 0 0 0 6.4675727395764822e-06 1.1136641560820438e-06 0 0 
0.34185124567941388 0 0 0 0 0 0 0 0 6.4752914219500158e-06 1.1148691019807038e-06 0 0 
0.34223605253092126 0 0 0 0 0 0 0 0 6.4830211439560831e-06 1.1160754555212054e-06 0 0 
0.3426213311962012 0 0 0 0 0 0 0 0 6.4907614467711463e-06 1.1172831438213869e-06 0 0 
0.34300705859897329 0 0 0 0 0 0 0 0 6.4985118706846463e-06 1.1184920939347212e-06 0 0 
0.34339321096049341 0 0 0 0 0 0 0 0 6.5062719416065065e-06 1.1197022307468767e-06 0 0 
0.34377976447841885 0 0 0 0 0 0 0 0 6.514041184701523e-06 1.1209134791042939e-06 0 0 
0.34416669599899785 0 0 0 0 0 0 0 0 6.521819137901439e-06 1.122125765920257e-06 0 0 
0.3445539823435374 0 0 0 0 0 0 0 0 6.5296053383714254e-06 1.1233390180639738e-06 0 0 
0.34494159964078214 0 0 0 0 0 0 0 0 6.5373993090843927e-06 1.1245531602696804e-06 0 0 
0.34532952400108186 0 0 0 0 0 0 0 0 6.5452005723688612e-06 1.1257681172494188e-06 0 0 
0.34571773218540963 0 0 0 0 0 0 0 0 6.5530086633650809e-06 1.1269838157881616e-06 0 0 
0.34610620093602407 0 0 0 0 0 0 0 0 6.5608231165689668e-06 1.1282001826469829e-06 0 0 
0.34649490631153163 0 0 0 0 0 0 0 0 6.5686434524521773e-06 1.1294171424815817e-06 0 0 
0.34688382435737786 0 0 0 0 0 0 0 0 6.5764691909445018e-06 1.1306346199424702e-06 0 0 
0.3472729317726837 0 0 0 0 0 0 0 0 6.5842998648541168e-06 1.1318525417622107e-06 0 0 
0.34766220524408964 0 0 0 0 0 0 0 0 6.592135006467702e-06 1.1330708346695676e-06 0 0 
0.34805162078251767 0 0 0 0 0 0 0 0 6.599974134197733e-06 1.1342894233143019e-06 0 0 
0.34844115439098466 0 0 0 0 0 0 0 0 6.6078167660186666e-06 1.1355082323579349e-06 0 0 
0.3488307827302316 0 0 0 0 0 0 0 0 6.6156624328710185e-06 1.1367271885561606e-06 0 0 
0.34922048245475812 0 0 0 0 0 0 0 0 6.6235106652979974e-06 1.1379462186808367e-06 0 0 
0.34961022955031085 0 0 0 0 0 0 0 0 6.6313609801000787e-06 1.139165247448011e-06 0 0 
0.34999999999999998 0 0 0 0 0 0 0 0 6.6392128937452119e-06 1.1403841996023635e-06 0 0 
0.35038977044968911 0 0 0 0 0 0 0 0 6.6470659357755434e-06 1.1416030019977906e-06 0 0 
0.35077951754524184 0 0 0 0 0 0 0 0 6.654919635461537e-06 1.1428215815241515e-06 0 0 
0.35116921726976835 0 0 0 0 0 0 0 0 6.6627735084440257e-06 1.1440398630355771e-06 0 0 
0.35155884560901529 0 0 0 0 0 0 0 0 6.6706270701376313e-06 1.1452577714315333e-06 0 0 
0.35194837921748229 0 0 0 0 0 0 0 0 6.6784798491604634e-06 1.1464752337386388e-06 0 0 
0.35233779475591032 0 0 0 0 0 0 0 0 6.6863313739854111e-06 1.1476921770391674e-06 0 0 
0.35272706822731625 0 0 0 0 0 0 0 0 6.6941811595502387e-06 1.1489085263965249e-06 0 0 
0.3531161756426221 0 0 0 0 0 0 0 0 6.7020287206741912e-06 1.1501242069360224e-06 0 0 
0.35350509368846833 0 0 0 0 0 0 0 0 6.7098735855294076e-06 1.1513391459309357e-06 0 0 
0.35389379906397589 0 0 0 0 0 0 0 0 6.7177152822705976e-06 1.1525532707297236e-06 0 0 
0.35428226781459032 0 0 0 0 0 0 0 0 6.7255533255931641e-06 1.1537665066756332e-06 0 0 
0.3546704759989181 0 0 0 0 0 0 0 0 6.7333872301823021e-06 1.1549787791902063e-06 0 0 
0.35505840035921782 0 0 0 0 0 0 0 0 6.7412165242465427e-06 1.1561900158666394e-06 0 0 
0.35544601765646255 0 0 0 0 0 0 0 0 6.7490407361052028e-06 1.1574001443926504e-06 0 0 
0.3558333040010021 0 0 0 0 0 0 0 0 6.7568593806755944e-06 1.1586090904611903e-06 0 0 
0.35622023552158111 0 0 0 0 0 0 0 0 6.7646719729734249e-06 1.1598167798596638e-06 0 0 
0.35660678903950654 0 0 0 0 0 0 0 0 6.7724780417289847e-06 1.1610231405736921e-06 0 0 
0.35699294140102666 0 0 0 0 0 0 0 0 6.7802771159127638e-06 1.1622281007026275e-06 0 0 
0.35737866880379876 0 0 0 0 0 0 0 0 6.7880687111305328e-06 1.1634315863581308e-06 0 0 
0.35776394746907869 0 0 0 0 0 0 0 0 6.7958523431960789e-06 1.1646335237622697e-06 0 0 
0.35814875432058607 0 0 0 0 0 0 0 0 6.8036275418495929e-06 1.1658338413648304e-06 0 0 
0.35853306631319876 0 0 0 0 0 0 0 0 6.8113938372020632e-06 1.167032467748336e-06 0 0 
0.35891685975418769 0 0 0 0 0 0 0 0 6.8191507460170623e-06 1.1682293295113119e-06 0 0 
0.35930011097958603 0 0 0 0 0 0 0 0 6.8268977853752827e-06 1.1694243533783526e-06 0 0 
0.3596827970388054 0 0 0 0 0 0 0 0 6.8346344865180374e-06 1.1706174683342878e-06 0 0 
0.36006489501862099 0 0 0 0 0 0 0 0 6.8423603811883209e-06 1.1718086035154993e-06 0 0 
0.36044638135809998 0 0 0 0 0 0 0 0 6.8500749877779928e-06 1.1729976860745648e-06 0 0 
0.36082723253018689 0 0 0 0 0 0 0 0 6.857777825105709e-06 1.1741846433054702e-06 0 0 
0.36120742573316106 0 0 0 0 0 0 0 0 6.865468426406371e-06 1.1753694047980564e-06 0 0 
0.36158693820885734 0 0 0 0 0 0 0 0 6.8731463255489135e-06 1.1765519003123613e-06 0 0 
0.36196574655017311 0 0 0 0 0 0 0 0 6.8808110430250262e-06 1.1777320576211243e-06 0 0 
0.36234382738893967 0 0 0 0 0 0 0 0 6.8884620998627234e-06 1.1789098046535455e-06 0 0 
0.36272115809535815 0 0 0 0 0 0 0 0 6.8960990317850923e-06 1.1800850716734914e-06 0 0 
0.36309771608936231 0 0 0 0 0 0 0 0 6.9037213752817077e-06 1.1812577891334552e-06 0 0 
0.36347347813953845 0 0 0 0 0 0 0 0 6.9113286534163386e-06 1.1824278854913659e-06 0 0 
0.36384842105839627 0 0 0 0 0 0 0 0 6.9189203898978737e-06 1.1835952893763043e-06 0 0 
0.3642225224109728 0 0 0 0 0 0 0 0 6.9264961234329906e-06 1.1847599317941644e-06 0 0 
0.36459575981819914 0 0 0 0 0 0 0 0 6.9340553936280636e-06 1.1859217439577085e-06 0 0 
0.36496811024600911 0 0 0 0 0 0 0 0 6.9415977265905422e-06 1.1870806550738853e-06 0 0 
0.36533955070917079 0 0 0 0 0 0 0 0 6.9491226491812799e-06 1.1882365945351076e-06 0 0 
0.36571005899031472 0 0 0 0 0 0 0 0 6.9566297035864758e-06 1.1893894941562344e-06 0 0 
0.36607961293411045 0 0 0 0 0 0 0 0 6.9641184330257703e-06 1.1905392859770872e-06 0 0 
0.36644818972527032 0 0 0 0 0 0 0 0 6.9715883671210691e-06 1.1916859000161879e-06 0 0 
0.36681576660216392 0 0 0 0 0 0 0 0 6.9790390363550823e-06 1.1928292664914501e-06 0 0 
0.36718232158759873 0 0 0 0 0 0 0 0 6.9864699868893093e-06 1.1939693180925832e-06 0 0 
0.36754783277255071 0 0 0 0 0 0 0 0 6.9938807660533444e-06 1.1951059877521183e-06 0 0 
0.36791227758168826 0 0 0 0 0 0 0 0 7.0012709074525466e-06 1.1962392063614309e-06 0 0 
0.36827563349806014 0 0 0 0 0 0 0 0 7.0086399456592725e-06 1.1973689050247208e-06 0 0 
0.36863787880704568 0 0 0 0 0 0 0 0 7.0159874313060949e-06 1.1984950173712957e-06 0 0 
0.36899899186830593 0 0 0 0 0 0 0 0 7.0233129163283176e-06 1.1996174772909798e-06 0 0 
0.36935895036736233 0 0 0 0 0 0 0 0 7.030615938781526e-06 1.2007362166078385e-06 0 0 
0.36971773205272845 0 0 0 0 0 0 0 0 7.0378960377930099e-06 1.2018511673717664e-06 0 0 
0.37007531549454531 0 0 0 0 0 0 0 0 7.045152768960762e-06 1.2029622642152587e-06 0 0 
0.37043167934333526 0 0 0 0 0 0 0 0 7.0523856893210607e-06 1.2040694420488564e-06 0 0 
0.37078680156606175 0 0 0 0 0 0 0 0 7.0595943418433135e-06 1.2051726336877237e-06 0 0 
0.37114066019716802 0 0 0 0 0 0 0 0 7.0667782706710923e-06 1.2062717721853301e-06 0 0 
0.37149323411352814 0 0 0 0 0 0 0 0 7.073937036861337e-06 1.2073667932397895e-06 0 0 
0.37184450227848642 0 0 0 0 0 0 0 0 7.0810702030449252e-06 1.2084576328446352e-06 0 0 
0.37219444296070059 0 0 0 0 0 0 0 0 7.0881773175644898e-06 1.2095442248629971e-06 0 0 
0.37254303450065901 0 0 0 0 0 0 0 0 7.0952579300375152e-06 1.210626503408268e-06 0 0 
0.37289025610370907 0 0 0 0 0 0 0 0 7.1023116074710622e-06 1.2117044053054187e-06 0 0 
0.37323608706774997 0 0 0 0 0 0 0 0 7.1093379185827082e-06 1.2127778676920604e-06 0 0 
0.3735805059830215 0 0 0 0 0 0 0 0 7.1163364175428526e-06 1.2138468255345875e-06 0 0 
0.37392349151579235 0 0 0 0 0 0 0 0 7.1233066598954542e-06 1.2149112140610211e-06 0 0 
0.37426502322138105 0 0 0 0 0 0 0 0 7.1302482190866629e-06 1.2159709712832234e-06 0 0 
0.37460508075373744 0 0 0 0 0 0 0 0 7.1371606704102298e-06 1.2170260355428061e-06 0 0 
0.37494364304417616 0 0 0 0 0 0 0 0 7.1440435743138795e-06 1.2180763429630648e-06 0 0 
0.37528068910407064 0 0 0 0 0 0 0 0 7.1508964927142402e-06 1.2191218299396634e-06 0 0 
0.37561619885995601 0 0 0 0 0 0 0 0 7.1577190059829304e-06 1.220162435730183e-06 0 0 
0.37595015234308332 0 0 0 0 0 0 0 0 7.1645106964768292e-06 1.221198099938992e-06 0 0 
0.37628252884490893 0 0 0 0 0 0 0 0 7.171271131363809e-06 1.2222287598981897e-06 0 0 
0.37661330774079188 0 0 0 0 0 0 0 0 7.1779998793728197e-06 1.2232543532223287e-06 0 0 
0.37694246934946918 0 0 0 0 0 0 0 0 7.1846965282840306e-06 1.2242748204723443e-06 0 0 
0.377269994100493 0 0 0 0 0 0 0 0 7.1913606680014954e-06 1.2252901025729393e-06 0 0 
0.37759586166406989 0 0 0 0 0 0 0 0 7.1979918728488326e-06 1.2263001381151506e-06 0 0 
0.37792005179794702 0 0 0 0 0 0 0 0 7.2045897187990754e-06 1.2273048659818144e-06 0 0 
0.37824254523378342 0 0 0 0 0 0 0 0 7.211153801520667e-06 1.2283042280936624e-06 0 0 
0.37856332282017824 0 0 0 0 0 0 0 0 7.2176837189455598e-06 1.2292981667521802e-06 0 0 
0.37888236462420427 0 0 0 0 0 0 0 0 7.2241790529803119e-06 1.2302866218555947e-06 0 0 
0.37919965080388418 0 0 0 0 0 0 0 0 7.230639387265154e-06 1.2312695336024879e-06 0 0 
0.37951516252425105 0 0 0 0 0 0 0 0 7.2370643258327772e-06 1.2322468453286971e-06 0 0 
0.37982888107344376 0 0 0 0 0 0 0 0 7.2434534751201619e-06 1.2332185007678126e-06 0 0 
0.3801407869329882 0 0 0 0 0 0 0 0 7.2498064250350447e-06 1.234184441171557e-06 0 0 
0.3804508606785148 0 0 0 0 0 0 0 0 7.2561227672977913e-06 1.2351446080997179e-06 0 0 
0.3807590839286154 0 0 0 0 0 0 0 0 7.2624021147773983e-06 1.2360989463573908e-06 0 0 
0.38106543843121277 0 0 0 0 0 0 0 0 7.268644082889508e-06 1.2370474011645593e-06 0 0 
0.38136990509930391 0 0 0 0 0 0 0 0 7.2748482699505631e-06 1.237989915170725e-06 0 0 
0.38167246494286067 0 0 0 0 0 0 0 0 7.2810142761635713e-06 1.2389264313402074e-06 0 0 
0.38197310005395629 0 0 0 0 0 0 0 0 7.2871417237015185e-06 1.2398568960004554e-06 0 0 
0.38227179266030187 0 0 0 0 0 0 0 0 7.2932302374284837e-06 1.2407812559111276e-06 0 0 
0.38256852412277176 0 0 0 0 0 0 0 0 7.2992794244659203e-06 1.2416994551616367e-06 0 0 
0.38286327590176644 0 0 0 0 0 0 0 0 7.3052888938894519e-06 1.2426114381619584e-06 0 0 
0.38315603058251013 0 0 0 0 0 0 0 0 7.3112582776398198e-06 1.2435171528139783e-06 0 0 
0.38344677089228296 0 0 0 0 0 0 0 0 7.3171872104956159e-06 1.2444165474693961e-06 0 0 
0.38373547865558327 0 0 0 0 0 0 0 0 7.3230753087669579e-06 1.2453095676974497e-06 0 0 
0.38402213579862671 0 0 0 0 0 0 0 0 7.3289221907784339e-06 1.2461961593925163e-06 0 0 
0.38430672541922106 0 0 0 0 0 0 0 0 7.3347274986980956e-06 1.2470762720820802e-06 0 0 
0.38458923076379553 0 0 0 0 0 0 0 0 7.3404908776816126e-06 1.247949855761459e-06 0 0 
0.38486963413550535 0 0 0 0 0 0 0 0 7.3462119535975772e-06 1.2488168575172511e-06 0 0 
0.38514791794100611 0 0 0 0 0 0 0 0 7.3518903543808364e-06 1.2496772247644858e-06 0 0 
0.38542406580990807 0 0 0 0 0 0 0 0 7.3575257328822636e-06 1.2505309087065924e-06 0 0 
0.38569806152720054 0 0 0 0 0 0 0 0 7.3631177450944189e-06 1.2513778610334161e-06 0 0 
0.38596988788895453 0 0 0 0 0 0 0 0 7.3686660267982816e-06 1.2522180303839446e-06 0 0 
0.3862395277960573 0 0 0 0 0 0 0 0 7.3741702158835059e-06 1.2530513657274113e-06 0 0 
0.38650696542895924 0 0 0 0 0 0 0 0 7.3796299763359468e-06 1.2538778199928794e-06 0 0 
0.38677218513049627 0 0 0 0 0 0 0 0 7.3850449754422645e-06 1.2546973466151269e-06 0 0 
0.38703517020306927 0 0 0 0 0 0 0 0 7.3904148592327149e-06 1.2555098958178746e-06 0 0 
0.38729590405467212 0 0 0 0 0 0 0 0 7.3957392758774427e-06 1.2563154181552168e-06 0 0 
0.38755437143549659 0 0 0 0 0 0 0 0 7.4010179009466534e-06 1.2571138683310284e-06 0 0 
0.38781055726544633 0 0 0 0 0 0 0 0 7.4062504134769407e-06 1.2579052015751919e-06 0 0 
0.38806444536573792 0 0 0 0 0 0 0 0 7.4114364700653217e-06 1.258689369725571e-06 0 0 
0.38831601966333151 0 0 0 0 0 0 0 0 7.4165757294673468e-06 1.259466324948618e-06 0 0 
0.38856526549698372 0 0 0 0 0 0 0 0 7.4216678792848357e-06 1.2602360237719265e-06 0 0 
0.38881216838290023 0 0 0 0 0 0 0 0 7.4267126107601115e-06 1.2609984232706592e-06 0 0 
0.3890567126725728 0 0 0 0 0 0 0 0 7.4317095913531688e-06 1.261753476923071e-06 0 0 
0.38929888282265029 0 0 0 0 0 0 0 0 7.4366584906857565e-06 1.262501138531966e-06 0 0 
0.38953866477927962 0 0 0 0 0 0 0 0 7.4415590088383318e-06 1.2632413664975924e-06 0 0 
0.38977604467432025 0 0 0 0 0 0 0 0 7.4464108497163835e-06 1.2639741197909243e-06 0 0 
0.39001100739985117 0 0 0 0 0 0 0 0 7.4512136919150918e-06 1.2646993535533796e-06 0 0 
0.39024353795164712 0 0 0 0 0 0 0 0 7.4559672161760329e-06 1.2654170232441837e-06 0 0 
0.39047362290217669 0 0 0 0 0 0 0 0 7.4606711355066888e-06 1.266127089185523e-06 0 0 
0.39070124901855985 0 0 0 0 0 0 0 0 7.4653251669378259e-06 1.2668295122956039e-06 0 0 
0.3909264017424795 0 0 0 0 0 0 0 0 7.4699290004439355e-06 1.2675242493978225e-06 0 0 
0.39114906661680132 0 0 0 0 0 0 0 0 7.4744823281094761e-06 1.2682112576234663e-06 0 0 
0.39136923085949049 0 0 0 0 0 0 0 0 7.4789848763211175e-06 1.2688904992667914e-06 0 0 
0.39158688189297286 0 0 0 0 0 0 0 0 7.4834363757047498e-06 1.269561937246069e-06 0 0 
0.39180200571607021 0 0 0 0 0 0 0 0 7.4878365278272884e-06 1.2702255300810767e-06 0 0 
0.39201458842499343 0 0 0 0 0 0 0 0 7.4921850363021658e-06 1.2708812365856368e-06 0 0 
0.39222461790280644 0 0 0 0 0 0 0 0 7.4964816413553184e-06 1.2715290210776686e-06 0 0 
0.39243208224796866 0 0 0 0 0 0 0 0 7.5007260876902814e-06 1.2721688485305767e-06 0 0 
0.39263696802225723 0 0 0 0 0 0 0 0 7.5049180886428221e-06 1.272800679169778e-06 0 0 
0.392839261879462 0 0 0 0 0 0 0 0 7.5090573594988404e-06 1.2734244734960622e-06 0 0 
0.39303895238801934 0 0 0 0 0 0 0 0 7.5131436547955345e-06 1.2740401979048114e-06 0 0 
0.39323602834416266 0 0 0 0 0 0 0 0 7.5171767338160688e-06 1.2746478194829508e-06 0 0 
0.39343047687641336 0 0 0 0 0 0 0 0 7.5211563217980977e-06 1.2752473001647343e-06 0 0 
0.39362228519794434 0 0 0 0 0 0 0 0 7.525082145791953e-06 1.2758386021350729e-06 0 0 
0.39381144258383904 0 0 0 0 0 0 0 0 7.5289539751373234e-06 1.2764216939239312e-06 0 0 
0.39399793855130827 0 0 0 0 0 0 0 0 7.5327715842268866e-06 1.2769965447948199e-06 0 0 
0.39418176079697109 0 0 0 0 0 0 0 0 7.5365347102816805e-06 1.2775631183867886e-06 0 0 
0.39436289709220584 0 0 0 0 0 0 0 0 7.5402430921455714e-06 1.2781213785570893e-06 0 0 
0.39454133744146763 0 0 0 0 0 0 0 0 7.5438965144792476e-06 1.2786712960320608e-06 0 0 
0.39471707210823426 0 0 0 0 0 0 0 0 7.5474947673561133e-06 1.279212842321579e-06 0 0 
0.39489008935559078 0 0 0 0 0 0 0 0 7.5510375999986289e-06 1.2797459827565071e-06 0 0 
0.39506037750820083 0 0 0 0 0 0 0 0 7.5545247629942033e-06 1.2802706828434276e-06 0 0 
0.39522792732468776 0 0 0 0 0 0 0 0 7.5579560568840798e-06 1.2807869155735241e-06 0 0 
0.39539272984304968 0 0 0 0 0 0 0 0 7.5613312880516926e-06 1.2812946547821981e-06 0 0 
0.39555477388746385 0 0 0 0 0 0 0 0 7.5646502176601647e-06 1.2817938674679434e-06 0 0 
0.39571404832614654 0 0 0 0 0 0 0 0 7.567912607889613e-06 1.282284520749182e-06 0 0 
0.39587054469963145 0 0 0 0 0 0 0 0 7.5711182757791337e-06 1.2827665899597572e-06 0 0 
0.39602425485291654 0 0 0 0 0 0 0 0 7.5742670447361935e-06 1.2832400513531134e-06 0 0 
0.39617516816109011 0 0 0 0 0 0 0 0 7.5773586877027106e-06 1.2837048735567496e-06 0 0 
0.39632327401983009 0 0 0 0 0 0 0 0 7.580392978167832e-06 1.2841610252441891e-06 0 0 
0.39646856478352449 0 0 0 0 0 0 0 0 7.5833697503692774e-06 1.2846084841830803e-06 0 0 
0.39661103314273227 0 0 0 0 0 0 0 0 7.5862888455749962e-06 1.2850472291564581e-06 0 0 
0.39675066900692924 0 0 0 0 0 0 0 0 7.589150048211091e-06 1.2854772303630629e-06 0 0 
0.39688746227451183 0 0 0 0 0 0 0 0 7.5919531426117644e-06 1.2858984579485825e-06 0 0 
0.39702140615171239 0 0 0 0 0 0 0 0 7.5946979810359825e-06 1.2863108922245569e-06 0 0 
0.39715249422210452 0 0 0 0 0 0 0 0 7.5973844236280938e-06 1.2867145146429338e-06 0 0 
0.39728071690440825 0 0 0 0 0 0 0 0 7.6000122658239496e-06 1.2871092968898121e-06 0 0 
0.39740606456282845 0 0 0 0 0 0 0 0 7.6025813020867413e-06 1.2874952104630837e-06 0 0 
0.39752853130226484 0 0 0 0 0 0 0 0 7.6050914036975423e-06 1.2878722383558755e-06 0 0 
0.39764811166004566 0 0 0 0 0 0 0 0 7.6075424509625081e-06 1.2882403648696361e-06 0 0 
0.39776479652689145 0 0 0 0 0 0 0 0 7.6099342496022445e-06 1.2885995630571811e-06 0 0 
0.39787857667814808 0 0 0 0 0 0 0 0 7.6122666031251491e-06 1.2889498055944505e-06 0 0 
0.39798944717738705 0 0 0 0 0 0 0 0 7.6145394031028074e-06 1.2892910783348405e-06 0 0 
0.39809740359686391 0 0 0 0 0 0 0 0 7.6167525517048805e-06 1.2896233686732188e-06 0 0 
0.3982024372444356 0 0 0 0 0 0 0 0 7.6189058638470404e-06 1.2899466508547091e-06 0 0 
0.3983045392248814 0 0 0 0 0 0 0 0 7.6209991504415168e-06 1.2902608984764577e-06 0 0 
0.39840370564067612 0 0 0 0 0 0 0 0 7.6230323250304228e-06 1.2905661004935056e-06 0 0 
0.39849993321278865 0 0 0 0 0 0 0 0 7.6250053140149936e-06 1.2908622477388342e-06 0 0 
0.39859321358459887 0 0 0 0 0 0 0 0 7.6269179398635473e-06 1.2911493153936832e-06 0 0 
0.39868353806532686 0 0 0 0 0 0 0 0 7.6287700183599509e-06 1.2914272775869278e-06 0 0 
0.39877090390875702 0 0 0 0 0 0 0 0 7.6305614873538616e-06 1.2916961267160776e-06 0 0 
0.39885530915295808 0 0 0 0 0 0 0 0 7.6322923009623084e-06 1.2919558575653826e-06 0 0 
0.39893674565259918 0 0 0 0 0 0 0 0 7.6339622866872434e-06 1.2922064458654274e-06 0 0 
0.3990152047227491 0 0 0 0 0 0 0 0 7.6355712611383137e-06 1.2924478656614717e-06 0 0 
0.39909068493447819 0 0 0 0 0 0 0 0 7.6371191899049939e-06 1.292680113299612e-06 0 0 
0.39916318590857791 0 0 0 0 0 0 0 0 7.6386060602964416e-06 1.2929031883281345e-06 0 0 
0.3992326995148483 0 0 0 0 0 0 0 0 7.6400317008497476e-06 1.2931170664195079e-06 0 0 
0.39929921674067714 0 0 0 0 0 0 0 0 7.6413959221825496e-06 1.2933217205054925e-06 0 0 
0.39936273773490499 0 0 0 0 0 0 0 0 7.6426987229926023e-06 1.293517151678155e-06 0 0 
0.3994232641545456 0 0 0 0 0 0 0 0 7.6439401331076439e-06 1.2937033656410024e-06 0 0 
0.39948078755823418 0 0 0 0 0 0 0 0 7.6451199754281371e-06 1.2938803370012021e-06 0 0 
0.39953529799929316 0 0 0 0 0 0 0 0 7.6462380421615193e-06 1.2940480357084197e-06 0 0 
0.39958679764427341 0 0 0 0 0 0 0 0 7.6472943741594342e-06 1.294206468950606e-06 0 0 
0.39963529104556944 0 0 0 0 0 0 0 0 7.6482890614135335e-06 1.2943556512260339e-06 0 0 
0.39968076886794096 0 0 0 0 0 0 0 0 7.6492219092521661e-06 1.2944955542812086e-06 0 0 
0.39972321899343655 0 0 0 0 0 0 0 0 7.6500926661089048e-06 1.2946261412753447e-06 0 0 
0.39976264641987103 0 0 0 0 0 0 0 0 7.6509014316963429e-06 1.2947474279919642e-06 0 0 
0.39979906048114577 0 0 0 0 0 0 0 0 7.6516483948796443e-06 1.2948594435230706e-06 0 0 
0.39983244980743293 0 0 0 0 0 0 0 0 7.652333320028358e-06 1.2949621532433927e-06 0 0 
0.39986279709770883 0 0 0 0 0 0 0 0 7.6529558500300612e-06 1.295055504255433e-06 0 0 
0.39989011185547924 0 0 0 0 0 0 0 0 7.6535161778220863e-06 1.2951395260865205e-06 0 0 
0.39991441340955985 0 0 0 0 0 0 0 0 7.6540146981072399e-06 1.2952142784563854e-06 0 0 
0.39993568592556789 0 0 0 0 0 0 0 0 7.654451084457237e-06 1.2952797128918399e-06 0 0 
0.39995389704778628 0 0 0 0 0 0 0 0 7.6548246717102365e-06 1.2953357300727319e-06 0 0 
0.39996906436632579 0 0 0 0 0 0 0 0 7.6551358194995904e-06 1.2953823842832363e-06 0 0 
0.39998123915905026 0 0 0 0 0 0 0 0 7.6553855787570217e-06 1.2954198333985374e-06 0 0 
0.3999903989246073 0 0 0 0 0 0 0 0 7.6555734870814948e-06 1.2954480083219655e-06 0 0 
0.39999643917181321 0 0 0 0 0 0 0 0 7.655697400273978e-06 1.2954665877337198e-06 0 0 
0.39999940921925187 0 0 0 0 0 0 0 0 7.6557583296756455e-06 1.2954757233943212e-06 0 0 
0.40014470978720729 0 0 0 0 0 0 0 0 7.6587391943559755e-06 1.295922646452543e-06 0 0 
0.40087200732087713 0 0 0 0 0 0 0 0 7.6736621300488852e-06 1.2981593688477084e-06 0 0 
0.4023504857678486 0 0 0 0 0 0 0 0 7.7040099083193393e-06 1.3027045294113197e-06 0 0 
0.40459099165059786 0 0 0 0 0 0 0 0 7.7500296089637509e-06 1.3095878845311735e-06 0 0 
0.40756595103244253 0 0 0 0 0 0 0 0 7.81119118460597e-06 1.3187193560626822e-06 0 0 
0.41126720661127747 0 0 0 0 0 0 0 0 7.8873740180852704e-06 1.3300668893339978e-06 0 0 
0.41570415041144115 0 0 0 0 0 0 0 0 7.9788299389402842e-06 1.3436504631716215e-06 0 0 
0.42087730558454084 0 0 0 0 0 0 0 0 8.0856399537306427e-06 1.3594609560081996e-06 0 0 
0.42677418997626637 0 0 0 0 0 0 0 0 8.2076269867160667e-06 1.3774477028520431e-06 0 0 
0.4333857211088733 0 0 0 0 0 0 0 0 8.3446930520332957e-06 1.3975687771382162e-06 0 0 
0.440710961269694 0 0 0 0 0 0 0 0 8.4969179292000049e-06 1.4198052833861532e-06 0 0 
0.44874596479763007 0 0 0 0 0 0 0 0 8.6643279635025337e-06 1.4441272960728618e-06 0 0 
0.45747943583370998 0 0 0 0 0 0 0 0 8.846803782733634e-06 1.4704808695387836e-06 0 0 
0.46690091015217572 0 0 0 0 0 0 0 0 9.0442489111447696e-06 1.4988129616220155e-06 0 0 
0.47700458595107653 0 0 0 0 0 0 0 0 9.2566696301754222e-06 1.5290828716240686e-06 0 0 
0.48778302557637798 0 0 0 0 0 0 0 0 9.4840424689595872e-06 1.561243219954807e-06 0 0 
0.49922381399572691 0 0 0 0 0 0 0 0 9.7262417050814085e-06 1.5952301410329915e-06 0 0 
0.51131463105416608 0 0 0 0 0 0 0 0 9.9831442233336143e-06 1.6309786077181964e-06 0 0 
0.52404621629588921 0 0 0 0 0 0 0 0 1.0254691566923711e-05 1.668431177056202e-06 0 0 
0.53740818894154807 0 0 0 0 0 0 0 0 1.0540800181688238e-05 1.7075256025353463e-06 0 0 
0.55138642625179612 0 0 0 0 0 0 0 0 1.0841303125815861e-05 1.7481873624722475e-06 0 0 
0.56596663032049499 0 0 0 0 0 0 0 0 1.1156024176631618e-05 1.7903403327416513e-06 0 0 
0.58113671008641465 0 0 0 0 0 0 0 0 1.148482803464242e-05 1.8339137156002486e-06 0 0 
0.59688371641169957 0 0 0 0 0 0 0 0 1.1827553045169553e-05 1.8788332055948704e-06 0 0 
0.61319169983749811 0 0 0 0 0 0 0 0 1.21839625074371e-05 1.9250151226800876e-06 0 0 
0.63004443393837062 0 0 0 0 0 0 0 0 1.2553801850613177e-05 1.9723744678279821e-06 0 0 
0.64742740840993684 0 0 0 0 0 0 0 0 1.2936841232545347e-05 2.0208306226587571e-06 0 0 
0.66532542305970377 0 0 0 0 0 0 0 0 1.3332821773191284e-05 2.0703006645587882e-06 0 0 
0.68372076947809513 0 0 0 0 0 0 0 0 1.3741413680831811e-05 2.1206946254455154e-06 0 0 
0.70259543631942134 0 0 0 0 0 0 0 0 1.4162263469242255e-05 2.1719219148732588e-06 0 0 
0.72193283779604134 0 0 0 0 0 0 0 0 1.4595031789658926e-05 2.2238961510370299e-06 0 0 
0.74171582691895677 0 0 0 0 0 0 0 0 1.5039348657710162e-05 2.2765298777919123e-06 0 0 
0.76192510001822056 0 0 0 0 0 0 0 0 1.5494776714275065e-05 2.3297306284031064e-06 0 0 
0.78254106450705119 0 0 0 0 0 0 0 0 1.5960852429951671e-05 2.3834062434793662e-06 0 0 
0.80354538512753948 0 0 0 0 0 0 0 0 1.6437121062809278e-05 2.4374690540160989e-06 0 0 
0.82491927657116704 0 0 0 0 0 0 0 0 1.6923098310997639e-05 2.4918315536640378e-06 0 0 
0.84664206205542669 0 0 0 0 0 0 0 0 1.7418237569382347e-05 2.546403040862556e-06 0 0 
0.86869281341895688 0 0 0 0 0 0 0 0 1.7921967463714731e-05 2.601094133906765e-06 0 0 
0.89105177255089651 0 0 0 0 0 0 0 0 1.843372514424135e-05 2.6558204435459155e-06 0 0 
0.91369883464927226 0 0 0 0 0 0 0 0 1.895292267321644e-05 2.7104989095557526e-06 0 0 
0.93661221128141126 0 0 0 0 0 0 0 0 1.9478917349676496e-05 2.7650448539927194e-06 0 0 
0.95976991493173436 0 0 0 0 0 0 0 0 2.0011046937983897e-05 2.8193758772451763e-06 0 0 
0.98315109814083901 0 0 0 0 0 0 0 0 2.0548661995472187e-05 2.873415110096748e-06 0 0 
1.0067346668417609 0 0 0 0 0 0 0 0 2.1091095689814957e-05 2.9270880142813643e-06 0 0 
1.0304980098091647 0 0 0 0 0 0 0 0 2.1637636310782398e-05 2.9803197209734764e-06 0 0 
1.0544183784343379 0 0 0 0 0 0 0 0 2.2187560926842256e-05 3.0330384282706102e-06 0 0 
1.0784741772834623 0 0 0 0 0 0 0 0 2.274016708350665e-05 3.0851782977236004e-06 0 0 
1.1026436631848888 0 0 0 0 0 0 0 0 2.3294744923649452e-05 3.1366765774312279e-06 0 0 
1.1269037095793317 0 0 0 0 0 0 0 0 2.3850551002006886e-05 3.1874711314604339e-06 0 0 
1.1512311198795371 0 0 0 0 0 0 0 0 2.4406840718529011e-05 3.2375034263805336e-06 0 0 
1.175603898342388 0 0 0 0 0 0 0 0 2.4962899516130201e-05 3.2867211267224636e-06 0 0 
1.2 0 0 0 0 0 0 0 0 2.5518016293730117e-05 3.3350754407313934e-06 0 0 
1.2243961016576119 0 0 0 0 0 0 0 0 2.607145765240324e-05 3.3825187714666489e-06 0 0 
1.2487688801204628 0 0 0 0 0 0 0 0 2.6622499268134776e-05 3.4290073644218725e-06 0 0 
1.2730962904206682 0 0 0 0 0 0 0 0 2.7170456660182785e-05 3.4745036543692346e-06 0 0 
1.2973563368151111 0 0 0 0 0 0 0 0 2.771465900635899e-05 3.5189737642271389e-06 0 0 
1.3215258227165376 0 0 0 0 0 0 0 0 2.825442299929322e-05 3.5623852278528172e-06 0 0 
1.345581621565662 0 0 0 0 0 0 0 0 2.8789083294477213e-05 3.6047093644393785e-06 0 0 
1.3695019901908352 0 0 0 0 0 0 0 0 2.931802299478272e-05 3.6459234316548082e-06 0 0 
1.393265333158239 0 0 0 0 0 0 0 0 2.9840647111436714e-05 3.6860082295989845e-06 0 0 
1.416848901859161 0 0 0 0 0 0 0 0 3.0356355278588811e-05 3.724945858401493e-06 0 0 
1.4402300850682654 0 0 0 0 0 0 0 0 3.0864571501707986e-05 3.7627218831260375e-06 0 0 
1.4633877887185887 0 0 0 0 0 0 0 0 3.1364774681450411e-05 3.7993273525538785e-06 0 0 
1.4863011653507276 0 0 0 0 0 0 0 0 3.1856471091143113e-05 3.834756473838395e-06 0 0 
1.5089482274491033 0 0 0 0 0 0 0 0 3.2339165247395482e-05 3.8690043742576908e-06 0 0 
1.531307186581043 0 0 0 0 0 0 0 0 3.2812389347345946e-05 3.9020691201614446e-06 0 0 
1.5533579379445732 0 0 0 0 0 0 0 0 3.3275734411574316e-05 3.9339536663427318e-06 0 0 
1.5750807234288329 0 0 0 0 0 0 0 0 3.372882123438092e-05 3.9646635732346478e-06 0 0 
1.5964546148724605 0 0 0 0 0 0 0 0 3.4171268683121171e-05 3.9942047407088485e-06 0 0 
1.6174589354929487 0 0 0 0 0 0 0 0 3.4602723420962164e-05 4.0225853453467202e-06 0 0 
1.6380748999817794 0 0 0 0 0 0 0 0 3.5022892580837629e-05 4.0498177930379211e-06 0 0 
1.6582841730810431 0 0 0 0 0 0 0 0 3.5431512649487585e-05 4.0759164497170643e-06 0 0 
1.6780671622039587 0 0 0 0 0 0 0 0 3.5828314300632459e-05 4.1008953045785971e-06 0 0 
1.6974045636805786 0 0 0 0 0 0 0 0 3.6213053245608728e-05 4.1247698923369611e-06 0 0 
1.7162792305219048 0 0 0 0 0 0 0 0 3.6585545798170117e-05 4.147559334627587e-06 0 0 
1.734674576940296 0 0 0 0 0 0 0 0 3.6945635036540571e-05 4.1692840472843857e-06 0 0 
1.752572591590063 0 0 0 0 0 0 0 0 3.7293150866401881e-05 4.1899632676418413e-06 0 0 
1.7699555660616293 0 0 0 0 0 0 0 0 3.7627943149367162e-05 4.2096170345982222e-06 0 0 
1.7868083001625017 0 0 0 0 0 0 0 0 3.7949922200176417e-05 4.2282684292354035e-06 0 0 
1.8031162835883003 0 0 0 0 0 0 0 0 3.825902128181095e-05 4.2459412054182739e-06 0 0 
1.8188632899135853 0 0 0 0 0 0 0 0 3.8555149757778728e-05 4.2626570732679304e-06 0 0 
1.834033369679505 0 0 0 0 0 0 0 0 3.8838230085025695e-05 4.278437823598832e-06 0 0 
1.8486135737482039 0 0 0 0 0 0 0 0 3.9108246484780549e-05 4.293307929049971e-06 0 0 
1.8625918110584518 0 0 0 0 0 0 0 0 3.936520228140674e-05 4.3072920172279785e-06 0 0 
1.8759537837041107 0 0 0 0 0 0 0 0 3.9609062313673691e-05 4.320411720317304e-06 0 0 
1.8886853689458338 0 0 0 0 0 0 0 0 3.9839796072345301e-05 4.332688058163278e-06 0 0 
1.9007761860042729 0 0 0 0 0 0 0 0 4.00574402081355e-05 4.3441446718687462e-06 0 0 
1.9122169744236219 0 0 0 0 0 0 0 0 4.026204828392169e-05 4.3548050134223794e-06 0 0 
1.9229954140489234 0 0 0 0 0 0 0 0 4.0453614933869925e-05 4.364688395801667e-06 0 0 
1.9330990898478242 0 0 0 0 0 0 0 0 4.0632128565223117e-05 4.3738127995097647e-06 0 0 
1.9425205641662899 0 0 0 0 0 0 0 0 4.0797659012813594e-05 4.3821992762572436e-06 0 0 
1.95125403520237 0 0 0 0 0 0 0 0 4.0950295806361291e-05 4.389868659879343e-06 0 0 
1.9592890387303059 0 0 0 0 0 0 0 0 4.1090037295042618e-05 4.3968360106263707e-06 0 0 
1.9666142788911265 0 0 0 0 0 0 0 0 4.1216857794685692e-05 4.403114077091131e-06 0 0 
1.9732258100237337 0 0 0 0 0 0 0 0 4.1330847568715928e-05 4.4087201616342087e-06 0 0 
1.9791226944154592 0 0 0 0 0 0 0 0 4.1432135002807835e-05 4.4136721256959919e-06 0 0 
1.9842958495885588 0 0 0 0 0 0 0 0 4.1520694595189338e-05 4.4179790268945759e-06 0 0 
1.9887327933887224 0 0 0 0 0 0 0 0 4.1596429402992479e-05 4.4216452740490608e-06 0 0 
1.9924340489675574 0 0 0 0 0 0 0 0 4.1659449805103072e-05 4.4246840704703593e-06 0 0 
1.995409008349402 0 0 0 0 0 0 0 0 4.1710000127425779e-05 4.4271136909348481e-06 0 0 
1.9976495142321513 0 0 0 0 0 0 0 0 4.174800961801564e-05 4.4289359245880742e-06 0 0 
1.9991279926791228 0 0 0 0 0 0 0 0 4.1773062793397883e-05 4.4301348340185349e-06 0 0 
1.9998552902127926 0 0 0 0 0 0 0 0 4.1785378630540807e-05 4.4307235678876484e-06 0 0 
2.0052457297862674 0 0 0 0 0 0 0 0 4.1876485915984509e-05 4.4350657275788894e-06 0 0 
2.0316102653817971 0 0 0 0 0 0 0 0 4.2317680826286246e-05 4.4557645933887512e-06 0 0 
2.0852051090845158 0 0 0 0 0 0 0 0 4.3191704432882265e-05 4.4951156460163153e-06 0 0 
2.166423447334175 0 0 0 0 0 0 0 0 4.4456571057827154e-05 4.5479318804378658e-06 0 0 
2.2742657249260461 0 0 0 0 0 0 0 0 4.6022096723963604e-05 4.6057975520255114e-06 0 0 
2.4084362396588119 0 0 0 0 0 0 0 0 4.7783764998201342e-05 4.6591972767880279e-06 0 0 
2.5692754524147468 0 0 0 0 0 0 0 0 4.9619000042455548e-05 4.6977945711823103e-06 0 0 
2.7568023274396083 0 0 0 0 0 0 0 0 5.1376627237637227e-05 4.7107369187077756e-06 0 0 
2.9705643866396585 0 0 0 0 0 0 0 0 5.2886453844411916e-05 4.687878360012331e-06 0 0 
3.2102323901966621 0 0 0 0 0 0 0 0 5.3979146370860073e-05 4.6209445801378839e-06 0 0 
3.4757723460264138 0 0 0 0 0 0 0 0 5.4500361528507696e-05 4.5041955553752687e-06 0 0 
3.7670412239140916 0 0 0 0 0 0 0 0 5.432403334779347e-05 4.3351143120206689e-06 0 0 
4.0836295489719916 0 0 0 0 0 0 0 0 5.3369320531293039e-05 4.1149560319177982e-06 0 0 
4.4251579930163736 0 0 0 0 0 0 0 0 5.1612256848165688e-05 3.8485845386447898e-06 0 0 
4.7914162407265266 0 0 0 0 0 0 0 0 4.9087895913792352e-05 3.5438683616447754e-06 0 0 
5.1821346771437078 0 0 0 0 0 0 0 0 4.5887319706864792e-05 3.2110748491683264e-06 0 0 
5.596863257345106 0 0 0 0 0 0 0 0 4.2148707811546005e-05 2.8620042778291339e-06 0 0 
6.0351553757135221 0 0 0 0 0 0 0 0 3.804013756275054e-05 2.5087465056801046e-06 0 0 
6.4966753407259858 0 0 0 0 0 0 0 0 3.373988350869128e-05 2.1625751483638514e-06 0 0 
6.9810468491311184 0 0 0 0 0 0 0 0 2.9420097843819092e-05 1.8332563096579499e-06 0 0 
7.4877579516276107 0 0 0 0 0 0 0 0 2.523305714944844e-05 1.5285370024400402e-06 0 0 
8.0162903491179449 0 0 0 0 0 0 0 0 2.1300005885983869e-05 1.2537682674698265e-06 0 0 
8.5662057406325331 0 0 0 0 0 0 0 0 1.7706175823907628e-05 1.011885659046483e-06 0 0 
9.1370347199241095 0 0 0 0 0 0 0 0 1.450224064785437e-05 8.0371761117407984e-07 0 0 
9.7281991191093056 0 0 0 0 0 0 0 0 1.1708651752960416e-05 6.2837903084828872e-07 0 0 
10.339110730265936 0 0 0 0 0 0 0 0 9.3210816027508841e-06 4.8367086746045231e-07 0 0 
10.969243554860213 0 0 0 0 0 0 0 0 7.3171389424784896e-06 3.665248358000296e-07 0 0 
11.618046585914264 0 0 0 0 0 0 0 0 5.6632678689532809e-06 2.734360930929669e-07 0 0 
12.284877893580951 0 0 0 0 0 0 0 0 4.3201501493080964e-06 2.0079237049993743e-07 0 0 
12.969084566579024 0 0 0 0 0 0 0 0 3.2464332021933597e-06 1.4509921553685907e-07 0 0 
13.670065370106499 0 0 0 0 0 0 0 0 2.4014608606733951e-06 1.0314037211145766e-07 0 0 
14.387198725812187 0 0 0 0 0 0 0 0 1.7471634704437678e-06 7.2077761317626382e-08 0 0 
15.119784875660498 0 0 0 0 0 0 0 0 1.2490349100823846e-06 4.9488047811328773e-08 0 0 
15.86711358838061 0 0 0 0 0 0 0 0 8.7650641321773921e-07 3.3356321536768819e-08 0 0 
16.628520210873308 0 0 0 0 0 0 0 0 6.0309099252934491e-07 2.2049445371993591e-08 0 0 
17.403323775704809 0 0 0 0 0 0 0 0 4.0636832537353811e-07 1.4276629596527559e-08 0 0 
18.190774749509224 0 0 0 0 0 0 0 0 2.6777717870274317e-07 9.0409127762130881e-09 0 0 
18.990114486437186 0 0 0 0 0 0 0 0 1.7228467597859479e-07 5.5888226599060951e-09 0 0 
19.800626754970001 0 0 0 0 0 0 0 0 1.0800908960085032e-07 3.3636842047033727e-09 0 0 
20.621582756036126 0 0 0 0 0 0 0 0 6.5805269445923548e-08 1.9638602518047811e-09 0 0 
21.452192658951162 0 0 0 0 0 0 0 0 3.8819701301725127e-08 1.1063101960744745e-09 0 0 
22.291659416275373 0 0 0 0 0 0 0 0 2.2052508238422246e-08 5.9624235020293235e-10 0 0 
23.139227307605417 0 0 0 0 0 0 0 0 1.1957955578017956e-08 3.0292816047573988e-10 0 0 
23.994131673013836 0 0 0 0 0 0 0 0 6.0946862477351458e-09 1.4093748369694853e-10 0 0 
24.855552855582225 0 0 0 0 0 0 0 0 2.8311432825628247e-09 5.5960010155910542e-11 0 0 
25.722666218244751 0 0 0 0 0 0 0 0 1.109834411375179e-09 1.4463714316930535e-11 0 0 
26.594688926525507 0 0 0 0 0 0 0 0 2.673736581473887e-10 -3.5950643643473652e-12 0 0 
27.470832790452228 0 0 0 0 0 0 0 0 -9.7954179586638168e-11 -9.7663961008378882e-12 0 0 
28.350259472250777 0 0 0 0 0 0 0 0 -2.2015689575760362e-10 -1.0427416142754447e-11 0 0 
29.232128095633218 0 0 0 0 0 0 0 0 -2.2955629658148539e-10 -8.9151851218450476e-12 0 0 
30.115641314911567 0 0 0 0 0 0 0 0 -1.9476209310007926e-10 -6.8506213136240404e-12 0 0 
31 0 0 0 0 0 0 0 0 -1.4921721993948468e-10 -4.9325688237642285e-12 0 0 
31.884358685088433 0 0 0 0 0 0 0 0 -1.0733559739851313e-10 -3.3953058888896833e-12 0 0 
32.767871904366785 0 0 0 0 0 0 0 0 -7.3889093017307555e-11 -2.2599356481426173e-12 0 0 
33.649740527749223 0 0 0 0 0 0 0 0 -4.9214560757528127e-11 -1.4650492236374185e-12 0 0 
34.529167209547772 0 0 0 0 0 0 0 0 -3.1939693453592721e-11 -9.2959700703448719e-13 0 0 
35.405311073474493 0 0 0 0 0 0 0 0 -2.0296115413881102e-11 -5.7943720736161725e-13 0 0 
36.277333781755246 0 0 0 0 0 0 0 0 -1.2673868089628008e-11 -3.5580482872915004e-13 0 0 
37.144447144417775 0 0 0 0 0 0 0 0 -7.7988363289565028e-12 -2.1571926416274682e-13 0 0 
38.00586832698616 0 0 0 0 0 0 0 0 -4.7397382793922244e-12 -1.2937601267878062e-13 0 0 
38.860772692394583 0 0 0 0 0 0 0 0 -2.8504701275607611e-12 -7.6881381215902363e-14 0 0 
39.708340583724627 0 0 0 0 0 0 0 0 -1.6991793583158489e-12 -4.5334104240063684e-14 0 0 
40.547807341048838 0 0 0 0 0 0 0 0 -1.005429981368791e-12 -2.6559860728143789e-14 0 0 
41.378417243963874 0 0 0 0 0 0 0 0 -5.9131972333033895e-13 -1.5478804289628509e-14 0 0 
42.199373245030003 0 0 0 0 0 0 0 0 -3.4608834831861768e-13 -8.9836539790185103e-15 0 0 
43.009885513562814 0 0 0 0 0 0 0 0 -2.0181249803939614e-13 -5.1980456355327928e-15 0 0 
43.809225250490776 0 0 0 0 0 0 0 0 -1.1737250438467295e-13 -3.0014459116336763e-15 0 0 
44.596676224295194 0 0 0 0 0 0 0 0 -6.8152311959967056e-14 -1.731167385054894e-15 0 0 
45.371479789126695 0 0 0 0 0 0 0 0 -3.9548421232111327e-14 -9.9835352589364461e-16 0 0 
46.132886411619388 0 0 0 0 0 0 0 0 -2.295829027247319e-14 -5.7620542325220884e-16 0 0 
46.8802151243395 0 0 0 0 0 0 0 0 -1.3344825433234538e-14 -3.331233627571555e-16 0 0 
47.612801274187817 0 0 0 0 0 0 0 0 -7.7739617364887512e-15 -1.9308522242862798e-16 0 0 
48.329934629893501 0 0 0 0 0 0 0 0 -4.5429314915165042e-15 -1.1230723361301228e-16 0 0 
49.030915433420972 0 0 0 0 0 0 0 0 -2.6656472131779111e-15 -6.5611767557592477e-17 0 0 
49.715122106419045 0 0 0 0 0 0 0 0 -1.5719188227918907e-15 -3.8534779378274429e-17 0 0 
50.381953414085736 0 0 0 0 0 0 0 0 -9.3241054283976574e-16 -2.2772189504513684e-17 0 0 
51.030756445139787 0 0 0 0 0 0 0 0 -5.5686516321547396e-16 -1.3553458169898948e-17 0 0 
51.660889269734064 0 0 0 0 0 0 0 0 -3.3518469523762329e-16 -8.1322728082073715e-18 0 0 
52.271800880890694 0 0 0 0 0 0 0 0 -2.0352503808110103e-16 -4.9237619578433087e-18 0 0 
52.86296528007589 0 0 0 0 0 0 0 0 -1.247860499047198e-16 -3.0110633364390454e-18 0 0 
53.433794259367467 0 0 0 0 0 0 0 0 -7.7336359060299774e-17 -1.861811824381045e-18 0 0 
53.983709650882055 0 0 0 0 0 0 0 0 -4.8500007159510085e-17 -1.1652429879369593e-18 0 0 
54.512242048372386 0 0 0 0 0 0 0 0 -3.0809908204706974e-17 -7.3894668068297934e-19 0 0 
55.018953150868882 0 0 0 0 0 0 0 0 -1.9846574379042501e-17 -4.7531603089261684e-19 0 0 
55.503324659274014 0 0 0 0 0 0 0 0 -1.2978648413511011e-17 -3.1047540488433388e-19 0 0 
55.964844624286478 0 0 0 0 0 0 0 0 -8.6265157065523677e-18 -2.0618636579343155e-19 0 0 
56.403136742654894 0 0 0 0 0 0 0 0 -5.8340771199869818e-18 -1.3936288057740397e-19 0 0 
56.817865322856292 0 0 0 0 0 0 0 0 -4.018762927539338e-18 -9.5970340736689787e-20 0 0 
57.208583759273473 0 0 0 0 0 0 0 0 -2.8228238620819241e-18 -6.740787580756145e-20 0 0 
57.57484200698363 0 0 0 0 0 0 0 0 -2.0240365903684075e-18 -4.8342639864052324e-20 0 0 
57.916370451028008 0 0 0 0 0 0 0 0 -1.4827552733787608e-18 -3.5428861827901598e-20 0 0 
58.232958776085908 0 0 0 0 0 0 0 0 -1.1105796274094734e-18 -2.6551493599713737e-20 0 0 
58.524227653973583 0 0 0 0 0 0 0 0 -8.5112652712518648e-19 -2.0363096679070893e-20 0 0 
58.789767609803334 0 0 0 0 0 0 0 0 -6.6788311258706804e-19 -1.599194112017387e-20 0 0 
59.029435613360342 0 0 0 0 0 0 0 0 -5.3679646381088549e-19 -1.2864222572411596e-20 0 0 
59.243197672560392 0 0 0 0 0 0 0 0 -4.4194785812758899e-19 -1.0600409709025146e-20 0 0 
59.430724547585257 0 0 0 0 0 0 0 0 -3.7282755305847635e-19 -8.9500425371632152e-21 0 0 
59.591563760341188 0 0 0 0 0 0 0 0 -3.2237204891614342e-19 -7.7448409088241295e-21 0 0 
59.725734275073954 0 0 0 0 0 0 0 0 -2.8565826337808083e-19 -6.8675288409445632e-21 0 0 
59.833576552665825 0 0 0 0 0 0 0 0 -2.5927907256663885e-19 -6.2369401548318817e-21 0 0 
59.914794890915488 0 0 0 0 0 0 0 0 -2.4107880482154366e-19 -5.8017307442511023e-21 0 0 
59.968389734618199 0 0 0 0 0 0 0 0 -2.2979606768193033e-19 -5.5318712120786761e-21 0 0 
59.994754270213733 0 0 0 0 0 0 0 0 -2.2444770267997876e-19 -5.4039308269245803e-21 0 0 
