Angular Momentum Spectrum, a: 1nm    v: 0.5c   b: 2.5nm    Lmax: 5 

         w(au)                   dLEdwx                 dLHdwx                 dLEdwz                dLHdwz                  dLEsdwx                dLHsdwx                dLEsdwz                dLHsdwz              dLEedwx                dLHedwx                dLEedwz                dLHedwz
2.7133085101382903e-05 0 0 0 0 0 0 0 0 9.9205822722551653e-11 1.8102854258410248e-11 0 0 
0.00016350137266446518 0 0 0 0 0 0 0 0 5.978048713339181e-10 1.090860612747894e-10 0 0 
0.00044071608147164265 0 0 0 0 0 0 0 0 1.6113774668441237e-09 2.9404015343337205e-10 0 0 
0.00086081093448711621 0 0 0 0 0 0 0 0 3.1473654513486062e-09 5.7432162861566068e-10 0 0 
0.0014186158185829911 0 0 0 0 0 0 0 0 5.1868819471907383e-09 9.4648000377996665e-10 0 0 
0.0021126012396145422 0 0 0 0 0 0 0 0 7.7243687454991576e-09 1.4094926155759831e-09 0 0 
0.0029445282021452468 0 0 0 0 0 0 0 0 1.0766325289022514e-08 1.9645303942403486e-09 0 0 
0.003914494797101431 0 0 0 0 0 0 0 0 1.4313207196401854e-08 2.6116523271768723e-09 0 0 
0.0050201606205499683 0 0 0 0 0 0 0 0 1.8356599098269359e-08 3.3492873577220219e-09 0 0 
0.0062598227079137536 0 0 0 0 0 0 0 0 2.2890471177049258e-08 4.1762858443298926e-09 0 0 
0.0076333052380676558 0 0 0 0 0 0 0 0 2.791444426599421e-08 5.0925122341777973e-09 0 0 
0.0091398683995556618 0 0 0 0 0 0 0 0 3.3426153210083888e-08 6.0974491291116059e-09 0 0 
0.010777394218820652 0 0 0 0 0 0 0 0 3.9418275974681568e-08 7.1896535175215719e-09 0 0 
0.012543920653532964 0 0 0 0 0 0 0 0 4.5884152453780826e-08 8.3677794630247521e-09 0 0 
0.014438359865826866 0 0 0 0 0 0 0 0 5.2820422841355902e-08 9.6310562926046961e-09 0 0 
0.016459317295570902 0 0 0 0 0 0 0 0 6.0222714323844218e-08 1.0978500162806917e-08 0 0 
0.018604465124198805 0 0 0 0 0 0 0 0 6.808334976655915e-08 1.2408495847073314e-08 0 0 
0.020871493322656143 0 0 0 0 0 0 0 0 7.6394832486188365e-08 1.3919430499684715e-08 0 0 
0.02325866555547923 0 0 0 0 0 0 0 0 8.5151889366996362e-08 1.551006353677284e-08 0 0 
0.025764035426540266 0 0 0 0 0 0 0 0 9.4348602167189288e-08 1.7179003658999887e-08 0 0 
0.028384954922211783 0 0 0 0 0 0 0 0 1.0397660069037939e-07 1.8924381298993327e-08 0 0 
0.03111874318509282 0 0 0 0 0 0 0 0 1.1402751250639033e-07 2.0744294222394021e-08 0 0 
0.03396313314120275 0 0 0 0 0 0 0 0 1.2449460448374358e-07 2.2637104595134957e-08 0 0 
0.036915696827193673 0 0 0 0 0 0 0 0 1.353706693556448e-07 2.460105615800776e-08 0 0 
0.039973443719530891 0 0 0 0 0 0 0 0 1.4664653721052524e-07 2.6634007423830168e-08 0 0 
0.043133331363444494 0 0 0 0 0 0 0 0 1.5831294450808509e-07 2.8733771954736188e-08 0 0 
0.046392639076863182 0 0 0 0 0 0 0 0 1.7036190771442187e-07 3.0898366868039425e-08 0 0 
0.04974851682369448 0 0 0 0 0 0 0 0 1.827850519876368e-07 3.3125713213948915e-08 0 0 
0.053197644277142853 0 0 0 0 0 0 0 0 1.9557233430208784e-07 3.5413410580651573e-08 0 0 
0.056736644309891504 0 0 0 0 0 0 0 0 2.0871355643043322e-07 3.7759012695228521e-08 0 0 
0.060362407086757761 0 0 0 0 0 0 0 0 2.221995577782126e-07 4.0160242839963115e-08 0 0 
0.06407171754730441 0 0 0 0 0 0 0 0 2.36020822543744e-07 4.2614747502307455e-08 0 0 
0.067860956253416371 0 0 0 0 0 0 0 0 2.5016634605179443e-07 4.5119899787202855e-08 0 0 
0.071726449595072114 0 0 0 0 0 0 0 0 2.6462491798093043e-07 4.767303279778443e-08 0 0 
0.075664759711413662 0 0 0 0 0 0 0 0 2.7938619354230694e-07 5.0271632104259529e-08 0 0 
0.079672364357093836 0 0 0 0 0 0 0 0 2.9443948460172402e-07 5.2913125157918178e-08 0 0 
0.083745386635392521 0 0 0 0 0 0 0 0 3.0977272350984028e-07 5.5594704892808303e-08 0 0 
0.087879902516054403 0 0 0 0 0 0 0 0 3.2537359491081783e-07 5.831353442925346e-08 0 0 
0.092072207353293106 0 0 0 0 0 0 0 0 3.412305278003383e-07 6.1066923552490778e-08 0 0 
0.09631853149673858 0 0 0 0 0 0 0 0 3.5733161143921682e-07 6.3852142733651308e-08 0 0 
0.10061478961526461 0 0 0 0 0 0 0 0 3.7366362427732059e-07 6.6666260672254567e-08 0 0 
0.1049568590497002 0 0 0 0 0 0 0 0 3.9021306694852518e-07 6.9506329092970405e-08 0 0 
0.10934083090140731 0 0 0 0 0 0 0 0 4.0696710760948879e-07 7.2369548272368639e-08 0 0 
0.11376275003283018 0 0 0 0 0 0 0 0 4.2391258263273201e-07 7.5253098013339515e-08 0 0 
0.1182183768392184 0 0 0 0 0 0 0 0 4.4103506576384418e-07 7.8153984306358365e-08 0 0 
0.12270344595643837 0 0 0 0 0 0 0 0 4.5831984004057938e-07 8.1069210284325221e-08 0 0 
0.12721390824064918 0 0 0 0 0 0 0 0 4.7575282252788224e-07 8.3995934695086041e-08 0 0 
0.13174568684716667 0 0 0 0 0 0 0 0 4.9331962034680845e-07 8.693131421148986e-08 0 0 
0.13629444554612472 0 0 0 0 0 0 0 0 5.1100461900881643e-07 8.9872355236655397e-08 0 0 
0.14085583497741319 0 0 0 0 0 0 0 0 5.287919219935825e-07 9.281607551145105e-08 0 0 
0.14542573093919775 0 0 0 0 0 0 0 0 5.4666627725559776e-07 9.5759658805048497e-08 0 0 
0.14999999999999999 0 0 0 0 0 0 0 0 5.6461216474925817e-07 9.8700304154732929e-08 0 0 
0.15457426906080224 0 0 0 0 0 0 0 0 5.8261288408291106e-07 1.0163507929804215e-07 0 0 
0.1591441650225868 0 0 0 0 0 0 0 0 6.0065148504507169e-07 1.0456107654025923e-07 0 0 
0.16370555445387527 0 0 0 0 0 0 0 0 6.1871171652742046e-07 1.0747556668913107e-07 0 0 
0.16825431315283332 0 0 0 0 0 0 0 0 6.3677712420460135e-07 1.1037585152192817e-07 0 0 
0.17278609175935081 0 0 0 0 0 0 0 0 6.5483011681908387e-07 1.1325911548117176e-07 0 0 
0.17729655404356162 0 0 0 0 0 0 0 0 6.7285290801976997e-07 1.1612257897694022e-07 0 0 
0.18178162316078159 0 0 0 0 0 0 0 0 6.9082850856954441e-07 1.1896365466833153e-07 0 0 
0.18623724996716981 0 0 0 0 0 0 0 0 7.087398131827212e-07 1.2177979980142187e-07 0 0 
0.19065916909859268 0 0 0 0 0 0 0 0 7.2656862202888547e-07 1.2456836266918501e-07 0 0 
0.19504314095029979 0 0 0 0 0 0 0 0 7.4429661346093078e-07 1.2732673643479541e-07 0 0 
0.19938521038473539 0 0 0 0 0 0 0 0 7.6190640287611762e-07 1.300525212678798e-07 0 0 
0.20368146850326141 0 0 0 0 0 0 0 0 7.7938059629021321e-07 1.3274337324349512e-07 0 0 
0.20792779264670688 0 0 0 0 0 0 0 0 7.9670073871156237e-07 1.3539684158820137e-07 0 0 
0.21212009748394559 0 0 0 0 0 0 0 0 8.1384833871361261e-07 1.3801052633023613e-07 0 0 
0.21625461336460747 0 0 0 0 0 0 0 0 8.3080602286348496e-07 1.405822506106618e-07 0 0 
0.22032763564290614 0 0 0 0 0 0 0 0 8.4755653034392038e-07 1.4310990257051084e-07 0 0 
0.22433524028858631 0 0 0 0 0 0 0 0 8.6408155172754498e-07 1.4559125844585081e-07 0 0 
0.22827355040492786 0 0 0 0 0 0 0 0 8.8036283028016591e-07 1.4802414790718095e-07 0 0 
0.23213904374658362 0 0 0 0 0 0 0 0 8.963834509466921e-07 1.5040664227055553e-07 0 0 
0.23592828245269559 0 0 0 0 0 0 0 0 9.1212674464346695e-07 1.5273688515135275e-07 0 0 
0.23963759291324221 0 0 0 0 0 0 0 0 9.2757496758981663e-07 1.5501289474932897e-07 0 0 
0.24326335569010848 0 0 0 0 0 0 0 0 9.4271051157785043e-07 1.5723274173837424e-07 0 0 
0.24680235572285714 0 0 0 0 0 0 0 0 9.5751738401554782e-07 1.593947614894215e-07 0 0 
0.25025148317630552 0 0 0 0 0 0 0 0 9.7197998113100136e-07 1.6149736806761702e-07 0 0 
0.25360736092313679 0 0 0 0 0 0 0 0 9.8608153517469844e-07 1.6353882599379977e-07 0 0 
0.2568666686365555 0 0 0 0 0 0 0 0 9.9980547832240627e-07 1.6551744721065939e-07 0 0 
0.26002655628046911 0 0 0 0 0 0 0 0 1.0131372012179967e-06 1.6743183961503905e-07 0 0 
0.26308430317280629 0 0 0 0 0 0 0 0 1.0260626388479386e-06 1.6928069690206627e-07 0 0 
0.26603686685879724 0 0 0 0 0 0 0 0 1.0385663716163698e-06 1.7106252448615805e-07 0 0 
0.26888125681490715 0 0 0 0 0 0 0 0 1.0506332081832148e-06 1.7277586482888193e-07 0 0 
0.27161504507778822 0 0 0 0 0 0 0 0 1.0622503677246956e-06 1.7441960239351312e-07 0 0 
0.27423596457345972 0 0 0 0 0 0 0 0 1.0734057962592436e-06 1.7599271830851239e-07 0 0 
0.27674133444452076 0 0 0 0 0 0 0 0 1.084085726877146e-06 1.774939441383844e-07 0 0 
0.27912850667734385 0 0 0 0 0 0 0 0 1.0942765813224776e-06 1.7892202949021097e-07 0 0 
0.28139553487580116 0 0 0 0 0 0 0 0 1.1039678390774362e-06 1.8027613948754525e-07 0 0 
0.28354068270442911 0 0 0 0 0 0 0 0 1.1131499579989231e-06 1.8155555723432586e-07 0 0 
0.28556164013417312 0 0 0 0 0 0 0 0 1.1218110235805304e-06 1.8275921522701721e-07 0 0 
0.287456079346467 0 0 0 0 0 0 0 0 1.1299391259197835e-06 1.8388602681916892e-07 0 0 
0.28922260578117931 0 0 0 0 0 0 0 0 1.1375264521703851e-06 1.8493544947020657e-07 0 0 
0.29086013160044433 0 0 0 0 0 0 0 0 1.1445666165422813e-06 1.8590710860645854e-07 0 0 
0.29236669476193233 0 0 0 0 0 0 0 0 1.1510495850288504e-06 1.8680009605900279e-07 0 0 
0.29374017729208624 0 0 0 0 0 0 0 0 1.1569647571687879e-06 1.8761339679033003e-07 0 0 
0.29497983937945005 0 0 0 0 0 0 0 0 1.1623075827297149e-06 1.8834679519020211e-07 0 0 
0.29608550520289856 0 0 0 0 0 0 0 0 1.1670760734327237e-06 1.890003894762206e-07 0 0 
0.29705547179785474 0 0 0 0 0 0 0 0 1.1712617842479985e-06 1.8957335511545662e-07 0 0 
0.29788739876038545 0 0 0 0 0 0 0 0 1.1748536393026765e-06 1.9006447221766059e-07 0 0 
0.298581384181417 0 0 0 0 0 0 0 0 1.1778512196895411e-06 1.9047393975444473e-07 0 0 
0.29913918906551284 0 0 0 0 0 0 0 0 1.1802614350235328e-06 1.9080291397147423e-07 0 0 
0.29955928391852837 0 0 0 0 0 0 0 0 1.1820771190668656e-06 1.9105058694745338e-07 0 0 
0.29983649862733552 0 0 0 0 0 0 0 0 1.1832754981570545e-06 1.9121398304965378e-07 0 0 
0.29997286691489861 0 0 0 0 0 0 0 0 1.1838650767950321e-06 1.9129434972359106e-07 0 0 
0.30000059078074809 0 0 0 0 0 0 0 0 1.1839849444834091e-06 1.9131068744425672e-07 0 0 
0.30000356082818674 0 0 0 0 0 0 0 0 1.1839977859748569e-06 1.9131243767940011e-07 0 0 
0.30000960107539265 0 0 0 0 0 0 0 0 1.1840239020488396e-06 1.913159971577676e-07 0 0 
0.30001876084094969 0 0 0 0 0 0 0 0 1.1840635060793714e-06 1.9132139491929044e-07 0 0 
0.30003093563367417 0 0 0 0 0 0 0 0 1.1841161464820485e-06 1.9132856935369508e-07 0 0 
0.30004610295221368 0 0 0 0 0 0 0 0 1.1841817262332479e-06 1.9133750715603533e-07 0 0 
0.30006431407443207 0 0 0 0 0 0 0 0 1.1842604673791162e-06 1.9134823848664691e-07 0 0 
0.3000855865904401 0 0 0 0 0 0 0 0 1.1843524463802364e-06 1.9136077364211131e-07 0 0 
0.30010988814452072 0 0 0 0 0 0 0 0 1.1844575238064664e-06 1.9137509347621545e-07 0 0 
0.30013720290229112 0 0 0 0 0 0 0 0 1.1845756317254666e-06 1.9139118856762554e-07 0 0 
0.30016755019256702 0 0 0 0 0 0 0 0 1.184706854314797e-06 1.9140907020355428e-07 0 0 
0.30020093951885418 0 0 0 0 0 0 0 0 1.1848512333382343e-06 1.9142874386970056e-07 0 0 
0.30023735358012893 0 0 0 0 0 0 0 0 1.185008694720579e-06 1.9145019924661588e-07 0 0 
0.30027678100656341 0 0 0 0 0 0 0 0 1.1851791900956436e-06 1.9147342949906946e-07 0 0 
0.30031923113205899 0 0 0 0 0 0 0 0 1.1853627606908502e-06 1.9149843997918715e-07 0 0 
0.30036470895443051 0 0 0 0 0 0 0 0 1.1855594290520604e-06 1.9152523347255128e-07 0 0 
0.30041320235572655 0 0 0 0 0 0 0 0 1.1857691437738001e-06 1.915538026696747e-07 0 0 
0.3004647020007068 0 0 0 0 0 0 0 0 1.1859918655456779e-06 1.9158414189003468e-07 0 0 
0.30051921244176577 0 0 0 0 0 0 0 0 1.1862276151810366e-06 1.9161625362361965e-07 0 0 
0.30057673584545436 0 0 0 0 0 0 0 0 1.1864764032423857e-06 1.9165013894336272e-07 0 0 
0.30063726226509496 0 0 0 0 0 0 0 0 1.1867381879668307e-06 1.9168579177562552e-07 0 0 
0.30070078325932281 0 0 0 0 0 0 0 0 1.187012934162067e-06 1.9172320692317346e-07 0 0 
0.30076730048515166 0 0 0 0 0 0 0 0 1.1873006503762661e-06 1.9176238512622563e-07 0 0 
0.30083681409142204 0 0 0 0 0 0 0 0 1.187601338699573e-06 1.9180332622541593e-07 0 0 
0.30090931506552177 0 0 0 0 0 0 0 0 1.187914961655871e-06 1.9184602465481885e-07 0 0 
0.30098479527725086 0 0 0 0 0 0 0 0 1.1882414856445007e-06 1.9189047535809192e-07 0 0 
0.30106325434740078 0 0 0 0 0 0 0 0 1.1885809106556352e-06 1.9193667783306013e-07 0 0 
0.30114469084704187 0 0 0 0 0 0 0 0 1.1889332322014785e-06 1.9198463094843204e-07 0 0 
0.30122909609124293 0 0 0 0 0 0 0 0 1.1892984144628355e-06 1.9203432928979481e-07 0 0 
0.3013164619346731 0 0 0 0 0 0 0 0 1.189676424011633e-06 1.9208576775061327e-07 0 0 
0.30140678641540108 0 0 0 0 0 0 0 0 1.1900672542320477e-06 1.9213894485482629e-07 0 0 
0.30150006678721131 0 0 0 0 0 0 0 0 1.1904708951754731e-06 1.9219385865402709e-07 0 0 
0.30159629435932384 0 0 0 0 0 0 0 0 1.190887311228262e-06 1.9225050369010854e-07 0 0 
0.30169546077511855 0 0 0 0 0 0 0 0 1.191316468277157e-06 1.9230887469213508e-07 0 0 
0.30179756275556435 0 0 0 0 0 0 0 0 1.191758354238683e-06 1.9236896936814031e-07 0 0 
0.30190259640313605 0 0 0 0 0 0 0 0 1.1922129544107576e-06 1.9243078505190795e-07 0 0 
0.30201055282261291 0 0 0 0 0 0 0 0 1.1926802325160685e-06 1.9249431612613542e-07 0 0 
0.30212142332185188 0 0 0 0 0 0 0 0 1.1931601532080767e-06 1.9255955708385521e-07 0 0 
0.3022352034731085 0 0 0 0 0 0 0 0 1.193652699652505e-06 1.926265049180579e-07 0 0 
0.3023518883399543 0 0 0 0 0 0 0 0 1.1941578528681702e-06 1.9269515631263685e-07 0 0 
0.30247146869773511 0 0 0 0 0 0 0 0 1.1946755753617805e-06 1.9276550541915028e-07 0 0 
0.3025939354371715 0 0 0 0 0 0 0 0 1.1952058301886992e-06 1.9283754644826187e-07 0 0 
0.30271928309559171 0 0 0 0 0 0 0 0 1.1957485962432621e-06 1.9291127574678759e-07 0 0 
0.30284750577789543 0 0 0 0 0 0 0 0 1.1963038505993115e-06 1.9298668939786682e-07 0 0 
0.30297859384828757 0 0 0 0 0 0 0 0 1.196871554181465e-06 1.9306378127565889e-07 0 0 
0.30311253772548813 0 0 0 0 0 0 0 0 1.1974516681963611e-06 1.9314254527806489e-07 0 0 
0.30324933099307072 0 0 0 0 0 0 0 0 1.1980441676043953e-06 1.9322297715554575e-07 0 0 
0.30338896685726768 0 0 0 0 0 0 0 0 1.1986490257800904e-06 1.9330507242787464e-07 0 0 
0.30353143521647546 0 0 0 0 0 0 0 0 1.1992662018154985e-06 1.9338882466166289e-07 0 0 
0.30367672598016987 0 0 0 0 0 0 0 0 1.1998956548931654e-06 1.9347422742220435e-07 0 0 
0.30382483183890985 0 0 0 0 0 0 0 0 1.2005373562875425e-06 1.935612759015538e-07 0 0 
0.30397574514708342 0 0 0 0 0 0 0 0 1.2011912758613898e-06 1.9364996508590227e-07 0 0 
0.3041294553003685 0 0 0 0 0 0 0 0 1.2018573706994684e-06 1.9374028821478918e-07 0 0 
0.30428595167385342 0 0 0 0 0 0 0 0 1.2025355978362178e-06 1.9383223850835662e-07 0 0 
0.3044452261125361 0 0 0 0 0 0 0 0 1.2032259250497205e-06 1.9392581063052668e-07 0 0 
0.30460727015695027 0 0 0 0 0 0 0 0 1.2039283188393343e-06 1.9402099905864783e-07 0 0 
0.3047720726753122 0 0 0 0 0 0 0 0 1.2046427341595542e-06 1.9411779669299444e-07 0 0 
0.30493962249179912 0 0 0 0 0 0 0 0 1.2053691258089407e-06 1.9421619640123921e-07 0 0 
0.30510991064440918 0 0 0 0 0 0 0 0 1.2061074582193505e-06 1.9431619234436311e-07 0 0 
0.3052829278917657 0 0 0 0 0 0 0 0 1.2068576946482022e-06 1.9441777851219749e-07 0 0 
0.30545866255853232 0 0 0 0 0 0 0 0 1.2076197878331831e-06 1.9452094745880142e-07 0 0 
0.30563710290779411 0 0 0 0 0 0 0 0 1.2083936902757667e-06 1.9462569169595205e-07 0 0 
0.30581823920302886 0 0 0 0 0 0 0 0 1.2091793631847464e-06 1.9473200490343786e-07 0 0 
0.30600206144869169 0 0 0 0 0 0 0 0 1.2099767666779098e-06 1.9483988060256363e-07 0 0 
0.30618855741616091 0 0 0 0 0 0 0 0 1.2107858512162769e-06 1.9494931099811193e-07 0 0 
0.30637771480205561 0 0 0 0 0 0 0 0 1.2116065669632485e-06 1.9506028824550931e-07 0 0 
0.3065695231235866 0 0 0 0 0 0 0 0 1.2124388720084447e-06 1.9517280556274027e-07 0 0 
0.3067639716558373 0 0 0 0 0 0 0 0 1.2132827234189971e-06 1.9528685601997558e-07 0 0 
0.30696104761198062 0 0 0 0 0 0 0 0 1.2141380693395913e-06 1.9540243147262686e-07 0 0 
0.30716073812053796 0 0 0 0 0 0 0 0 1.2150048575697895e-06 1.9551952372164434e-07 0 0 
0.30736303197774273 0 0 0 0 0 0 0 0 1.2158830431706897e-06 1.9563812554098623e-07 0 0 
0.30756791775203129 0 0 0 0 0 0 0 0 1.2167725802380307e-06 1.9575822956597212e-07 0 0 
0.30777538209719352 0 0 0 0 0 0 0 0 1.217673414576001e-06 1.9587982730488338e-07 0 0 
0.30798541157500653 0 0 0 0 0 0 0 0 1.2185854916069625e-06 1.9600291020794474e-07 0 0 
0.30819799428392974 0 0 0 0 0 0 0 0 1.2195087634445153e-06 1.9612747062174659e-07 0 0 
0.3084131181070271 0 0 0 0 0 0 0 0 1.2204431812854836e-06 1.9625350076230939e-07 0 0 
0.30863076914050946 0 0 0 0 0 0 0 0 1.2213886885817472e-06 1.9638099179488233e-07 0 0 
0.30885093338319863 0 0 0 0 0 0 0 0 1.2223452283751781e-06 1.9650993482426605e-07 0 0 
0.30907359825752045 0 0 0 0 0 0 0 0 1.223312749905925e-06 1.9664032178558062e-07 0 0 
0.30929875098144011 0 0 0 0 0 0 0 0 1.2242912015397222e-06 1.9677214449061424e-07 0 0 
0.30952637709782327 0 0 0 0 0 0 0 0 1.2252805243744004e-06 1.9690539376721555e-07 0 0 
0.30975646204835283 0 0 0 0 0 0 0 0 1.2262806590763139e-06 1.9704006038134977e-07 0 0 
0.30998899260014878 0 0 0 0 0 0 0 0 1.2272915520815804e-06 1.9717613587207013e-07 0 0 
0.3102239553256797 0 0 0 0 0 0 0 0 1.2283131489893004e-06 1.9731361166168563e-07 0 0 
0.31046133522072034 0 0 0 0 0 0 0 0 1.2293453885498761e-06 1.9745247824756057e-07 0 0 
0.31070111717734966 0 0 0 0 0 0 0 0 1.2303882090662867e-06 1.9759272606451442e-07 0 0 
0.31094328732742715 0 0 0 0 0 0 0 0 1.2314415542368761e-06 1.9773434627061294e-07 0 0 
0.31118783161709973 0 0 0 0 0 0 0 0 1.2325053669563136e-06 1.978773299132715e-07 0 0 
0.31143473450301623 0 0 0 0 0 0 0 0 1.2335795836414878e-06 1.9802166716736895e-07 0 0 
0.31168398033666844 0 0 0 0 0 0 0 0 1.2346641402503261e-06 1.9816734814521551e-07 0 0 
0.31193555463426204 0 0 0 0 0 0 0 0 1.235758977807387e-06 1.9831436363878241e-07 0 0 
0.31218944273455362 0 0 0 0 0 0 0 0 1.2368640365641201e-06 1.9846270433510083e-07 0 0 
0.31244562856450336 0 0 0 0 0 0 0 0 1.2379792506238963e-06 1.9861236009549766e-07 0 0 
0.31270409594532783 0 0 0 0 0 0 0 0 1.2391045536233631e-06 1.9876332071923581e-07 0 0 
0.31296482979693069 0 0 0 0 0 0 0 0 1.240239883976208e-06 1.9891557664699093e-07 0 0 
0.31322781486950368 0 0 0 0 0 0 0 0 1.2413851793512896e-06 1.990691182199149e-07 0 0 
0.31349303457104072 0 0 0 0 0 0 0 0 1.2425403715639471e-06 1.9922393499552246e-07 0 0 
0.31376047220394265 0 0 0 0 0 0 0 0 1.2437053919584419e-06 1.9938001647021963e-07 0 0 
0.31403011211104542 0 0 0 0 0 0 0 0 1.2448801763998271e-06 1.995373527481621e-07 0 0 
0.31430193847279941 0 0 0 0 0 0 0 0 1.2460646600350349e-06 1.9969593383916818e-07 0 0 
0.31457593419009189 0 0 0 0 0 0 0 0 1.2472587724219722e-06 1.9985574900739304e-07 0 0 
0.31485208205899384 0 0 0 0 0 0 0 0 1.2484624426455771e-06 2.0001678745721148e-07 0 0 
0.31513036586449461 0 0 0 0 0 0 0 0 1.2496756040849829e-06 2.0017903897106503e-07 0 0 
0.31541076923620442 0 0 0 0 0 0 0 0 1.2508981894260943e-06 2.0034249324205708e-07 0 0 
0.31569327458077889 0 0 0 0 0 0 0 0 1.2521301260045338e-06 2.0050713925205896e-07 0 0 
0.31597786420137325 0 0 0 0 0 0 0 0 1.253371340683463e-06 2.0067296592481719e-07 0 0 
0.31626452134441668 0 0 0 0 0 0 0 0 1.2546217644188442e-06 2.0083996273591711e-07 0 0 
0.31655322910771699 0 0 0 0 0 0 0 0 1.2558813274975917e-06 2.0100811907646212e-07 0 0 
0.31684396941748982 0 0 0 0 0 0 0 0 1.2571499550723087e-06 2.01177423657674e-07 0 0 
0.31713672409823351 0 0 0 0 0 0 0 0 1.2584275718257932e-06 2.0134786513457405e-07 0 0 
0.3174314758772282 0 0 0 0 0 0 0 0 1.2597141063546227e-06 2.0151943269083276e-07 0 0 
0.31772820733969809 0 0 0 0 0 0 0 0 1.2610094866097953e-06 2.0169211543038112e-07 0 0 
0.31802689994604366 0 0 0 0 0 0 0 0 1.262313635604088e-06 2.0186590180590817e-07 0 0 
0.31832753505713929 0 0 0 0 0 0 0 0 1.2636264758850222e-06 2.0204078021607127e-07 0 0 
0.31863009490069605 0 0 0 0 0 0 0 0 1.2649479337547852e-06 2.0221673956765736e-07 0 0 
0.31893456156878719 0 0 0 0 0 0 0 0 1.2662779348927376e-06 2.0239376869236395e-07 0 0 
0.31924091607138455 0 0 0 0 0 0 0 0 1.2676164002189662e-06 2.02571855796904e-07 0 0 
0.31954913932148515 0 0 0 0 0 0 0 0 1.2689632501943828e-06 2.0275098903633205e-07 0 0 
0.31985921306701176 0 0 0 0 0 0 0 0 1.2703184088929716e-06 2.0293115705567925e-07 0 0 
0.3201711189265562 0 0 0 0 0 0 0 0 1.2716817997885171e-06 2.031123484294633e-07 0 0 
0.32048483747574891 0 0 0 0 0 0 0 0 1.2730533417587928e-06 2.0329455113136113e-07 0 0 
0.32080034919611577 0 0 0 0 0 0 0 0 1.2744329532303653e-06 2.0347775308594305e-07 0 0 
0.32111763537579568 0 0 0 0 0 0 0 0 1.275820556116806e-06 2.0366194269170602e-07 0 0 
0.32143667717982172 0 0 0 0 0 0 0 0 1.2772160717539459e-06 2.0384710828115486e-07 0 0 
0.32175745476621653 0 0 0 0 0 0 0 0 1.278619417031344e-06 2.0403323760820719e-07 0 0 
0.32207994820205293 0 0 0 0 0 0 0 0 1.2800305083965134e-06 2.0422031838037965e-07 0 0 
0.32240413833593007 0 0 0 0 0 0 0 0 1.2814492656721869e-06 2.0440833876495341e-07 0 0 
0.32273000589950696 0 0 0 0 0 0 0 0 1.2828756081257205e-06 2.0459728686768186e-07 0 0 
0.32305753065053078 0 0 0 0 0 0 0 0 1.284309450715797e-06 2.0478715023629748e-07 0 0 
0.32338669225920808 0 0 0 0 0 0 0 0 1.2857507079694064e-06 2.049779163749743e-07 0 0 
0.32371747115509103 0 0 0 0 0 0 0 0 1.2871992976899647e-06 2.0516957323516908e-07 0 0 
0.32404984765691663 0 0 0 0 0 0 0 0 1.288655137147694e-06 2.0536210871124221e-07 0 0 
0.32438380114004395 0 0 0 0 0 0 0 0 1.2901181394309087e-06 2.0555551015857043e-07 0 0 
0.32471931089592931 0 0 0 0 0 0 0 0 1.2915882172078356e-06 2.0574976489192637e-07 0 0 
0.3250563569558238 0 0 0 0 0 0 0 0 1.2930652863358109e-06 2.0594486066241624e-07 0 0 
0.32539491924626252 0 0 0 0 0 0 0 0 1.2945492621614297e-06 2.0614078516843436e-07 0 0 
0.3257349767786189 0 0 0 0 0 0 0 0 1.2960400559662085e-06 2.0633752558704884e-07 0 0 
0.32607650848420761 0 0 0 0 0 0 0 0 1.297537578624507e-06 2.0653506905778223e-07 0 0 
0.32641949401697845 0 0 0 0 0 0 0 0 1.2990417441227961e-06 2.0673340314691073e-07 0 0 
0.32676391293224999 0 0 0 0 0 0 0 0 1.3005524659596575e-06 2.0693251537235317e-07 0 0 
0.32710974389629088 0 0 0 0 0 0 0 0 1.3020696536764029e-06 2.071323927471054e-07 0 0 
0.32745696549934095 0 0 0 0 0 0 0 0 1.3035932164211357e-06 2.0733302224974943e-07 0 0 
0.32780555703929937 0 0 0 0 0 0 0 0 1.3051230663870939e-06 2.0753439127730014e-07 0 0 
0.32815549772151353 0 0 0 0 0 0 0 0 1.306659115302278e-06 2.0773648718273639e-07 0 0 
0.32850676588647182 0 0 0 0 0 0 0 0 1.3082012710376903e-06 2.0793929682935914e-07 0 0 
0.32885933980283194 0 0 0 0 0 0 0 0 1.3097494410855023e-06 2.0814280704926156e-07 0 0 
0.3292131984339382 0 0 0 0 0 0 0 0 1.3113035359253401e-06 2.0834700508578781e-07 0 0 
0.32956832065666469 0 0 0 0 0 0 0 0 1.312863465594588e-06 2.0855187814253731e-07 0 0 
0.32992468450545465 0 0 0 0 0 0 0 0 1.3144291363661102e-06 2.0875741294761158e-07 0 0 
0.3302822679472715 0 0 0 0 0 0 0 0 1.3160004541498555e-06 2.0896359620116941e-07 0 0 
0.33064104963263763 0 0 0 0 0 0 0 0 1.3175773277933524e-06 2.0917041500847955e-07 0 0 
0.33100100813169403 0 0 0 0 0 0 0 0 1.319159665725396e-06 2.0937785643932999e-07 0 0 
0.33136212119295427 0 0 0 0 0 0 0 0 1.3207473726960508e-06 2.0958590710120428e-07 0 0 
0.33172436650193982 0 0 0 0 0 0 0 0 1.3223403531090586e-06 2.0979455357695117e-07 0 0 
0.33208772241831169 0 0 0 0 0 0 0 0 1.3239385142637884e-06 2.1000378284935176e-07 0 0 
0.33245216722744925 0 0 0 0 0 0 0 0 1.3255417630646774e-06 2.1021358186993335e-07 0 0 
0.33281767841240123 0 0 0 0 0 0 0 0 1.3271500028168444e-06 2.1042393714019898e-07 0 0 
0.33318423339783604 0 0 0 0 0 0 0 0 1.3287631364967456e-06 2.1063483514035555e-07 0 0 
0.33355181027472963 0 0 0 0 0 0 0 0 1.3303810699414945e-06 2.1084626274625046e-07 0 0 
0.3339203870658895 0 0 0 0 0 0 0 0 1.3320037086175849e-06 2.1105820680667139e-07 0 0 
0.33428994100968523 0 0 0 0 0 0 0 0 1.333630954465843e-06 2.1127065373180129e-07 0 0 
0.33466044929082917 0 0 0 0 0 0 0 0 1.3352627091167449e-06 2.1148358991388601e-07 0 0 
0.33503188975399084 0 0 0 0 0 0 0 0 1.336898877033387e-06 2.1169700213734475e-07 0 0 
0.33540424018180082 0 0 0 0 0 0 0 0 1.3385393623327682e-06 2.1191087716369161e-07 0 0 
0.33577747758902715 0 0 0 0 0 0 0 0 1.3401840656746575e-06 2.1212520132644405e-07 0 0 
0.33615157894160369 0 0 0 0 0 0 0 0 1.3418328874273546e-06 2.1233996094456164e-07 0 0 
0.3365265218604615 0 0 0 0 0 0 0 0 1.3434857307702672e-06 2.1255514272646284e-07 0 0 
0.33690228391063765 0 0 0 0 0 0 0 0 1.3451424985616517e-06 2.1277073336178466e-07 0 0 
0.3372788419046418 0 0 0 0 0 0 0 0 1.3468030902656545e-06 2.1298671912200338e-07 0 0 
0.33765617261106029 0 0 0 0 0 0 0 0 1.3484674050748374e-06 2.1320308626742103e-07 0 0 
0.33803425344982685 0 0 0 0 0 0 0 0 1.3501353449772125e-06 2.1341982144579633e-07 0 0 
0.33841306179114261 0 0 0 0 0 0 0 0 1.3518068116649964e-06 2.1363691129018781e-07 0 0 
0.3387925742668389 0 0 0 0 0 0 0 0 1.3534817034948621e-06 2.1385434202460218e-07 0 0 
0.33917276746981306 0 0 0 0 0 0 0 0 1.3551599185721566e-06 2.1407209986524299e-07 0 0 
0.33955361864189998 0 0 0 0 0 0 0 0 1.3568413577878824e-06 2.1429017141444243e-07 0 0 
0.33993510498137897 0 0 0 0 0 0 0 0 1.358525921763169e-06 2.1450854326386581e-07 0 0 
0.34031720296119455 0 0 0 0 0 0 0 0 1.3602135078372092e-06 2.1472720160453279e-07 0 0 
0.34069988902041393 0 0 0 0 0 0 0 0 1.361904013119167e-06 2.1494613262302254e-07 0 0 
0.34108314024581227 0 0 0 0 0 0 0 0 1.3635973374994131e-06 2.1516532289133715e-07 0 0 
0.3414669336868012 0 0 0 0 0 0 0 0 1.3652933806246616e-06 2.1538475897480489e-07 0 0 
0.34185124567941388 0 0 0 0 0 0 0 0 1.3669920389091992e-06 2.1560442704583278e-07 0 0 
0.34223605253092126 0 0 0 0 0 0 0 0 1.3686932085588775e-06 2.1582431327573083e-07 0 0 
0.3426213311962012 0 0 0 0 0 0 0 0 1.3703967885617908e-06 2.1604440422112333e-07 0 0 
0.34300705859897329 0 0 0 0 0 0 0 0 1.3721026776888682e-06 2.1626468643589886e-07 0 0 
0.34339321096049341 0 0 0 0 0 0 0 0 1.3738107715240187e-06 2.1648514608809897e-07 0 0 
0.34377976447841885 0 0 0 0 0 0 0 0 1.375520965464762e-06 2.1670576934797936e-07 0 0 
0.34416669599899785 0 0 0 0 0 0 0 0 1.3772331576970747e-06 2.1692654277156898e-07 0 0 
0.3445539823435374 0 0 0 0 0 0 0 0 1.3789472462166519e-06 2.1714745291604618e-07 0 0 
0.34494159964078214 0 0 0 0 0 0 0 0 1.3806631258733477e-06 2.1736848595917662e-07 0 0 
0.34532952400108186 0 0 0 0 0 0 0 0 1.3823806913533885e-06 2.1758962808421557e-07 0 0 
0.34571773218540963 0 0 0 0 0 0 0 0 1.3840998401424066e-06 2.1781086586119063e-07 0 0 
0.34610620093602407 0 0 0 0 0 0 0 0 1.3858204695632254e-06 2.180321858651147e-07 0 0 
0.34649490631153163 0 0 0 0 0 0 0 0 1.3875424738298291e-06 2.1825357429738859e-07 0 0 
0.34688382435737786 0 0 0 0 0 0 0 0 1.389265747015908e-06 2.1847501736813869e-07 0 0 
0.3472729317726837 0 0 0 0 0 0 0 0 1.3909901860102371e-06 2.1869650167578298e-07 0 0 
0.34766220524408964 0 0 0 0 0 0 0 0 1.3927156875667089e-06 2.1891801382750341e-07 0 0 
0.34805162078251767 0 0 0 0 0 0 0 0 1.3944421453634553e-06 2.1913954006205113e-07 0 0 
0.34844115439098466 0 0 0 0 0 0 0 0 1.3961694529618819e-06 2.1936106663008949e-07 0 0 
0.3488307827302316 0 0 0 0 0 0 0 0 1.3978975067591637e-06 2.1958258017260292e-07 0 0 
0.34922048245475812 0 0 0 0 0 0 0 0 1.3996262030455917e-06 2.1980406734305198e-07 0 0 
0.34961022955031085 0 0 0 0 0 0 0 0 1.4013554350650043e-06 2.2002551443103675e-07 0 0 
0.34999999999999998 0 0 0 0 0 0 0 0 1.4030850959684549e-06 2.2024690774120066e-07 0 0 
0.35038977044968911 0 0 0 0 0 0 0 0 1.4048150817680436e-06 2.2046823397103125e-07 0 0 
0.35077951754524184 0 0 0 0 0 0 0 0 1.4065452883974265e-06 2.2068947983414247e-07 0 0 
0.35116921726976835 0 0 0 0 0 0 0 0 1.408275608769033e-06 2.2091063168424586e-07 0 0 
0.35155884560901529 0 0 0 0 0 0 0 0 1.4100059357268869e-06 2.2113167589316565e-07 0 0 
0.35194837921748229 0 0 0 0 0 0 0 0 1.4117361650059256e-06 2.2135259922857749e-07 0 0 
0.35233779475591032 0 0 0 0 0 0 0 0 1.4134661922913479e-06 2.2157338847787365e-07 0 0 
0.35272706822731625 0 0 0 0 0 0 0 0 1.4151959102684927e-06 2.2179403007188333e-07 0 0 
0.3531161756426221 0 0 0 0 0 0 0 0 1.4169252115788903e-06 2.220145104625511e-07 0 0 
0.35350509368846833 0 0 0 0 0 0 0 0 1.4186539917893605e-06 2.22234816501167e-07 0 0 
0.35389379906397589 0 0 0 0 0 0 0 0 1.420382146446196e-06 2.2245493506225607e-07 0 0 
0.35428226781459032 0 0 0 0 0 0 0 0 1.4221095681129706e-06 2.2267485266650176e-07 0 0 
0.3546704759989181 0 0 0 0 0 0 0 0 1.4238361493343118e-06 2.228945558586358e-07 0 0 
0.35505840035921782 0 0 0 0 0 0 0 0 1.4255617856192729e-06 2.2311403158670804e-07 0 0 
0.35544601765646255 0 0 0 0 0 0 0 0 1.4272863724856122e-06 2.233332668254521e-07 0 0 
0.3558333040010021 0 0 0 0 0 0 0 0 1.4290098024815643e-06 2.2355224819785865e-07 0 0 
0.35622023552158111 0 0 0 0 0 0 0 0 1.4307319681615491e-06 2.2377096235382159e-07 0 0 
0.35660678903950654 0 0 0 0 0 0 0 0 1.4324527650878328e-06 2.2398939635100565e-07 0 0 
0.35699294140102666 0 0 0 0 0 0 0 0 1.4341720888613211e-06 2.2420753727714405e-07 0 0 
0.35737866880379876 0 0 0 0 0 0 0 0 1.4358898321220607e-06 2.2442537186968181e-07 0 0 
0.35776394746907869 0 0 0 0 0 0 0 0 1.4376058875414271e-06 2.2464288689574234e-07 0 0 
0.35814875432058607 0 0 0 0 0 0 0 0 1.4393201508472724e-06 2.2486006953516897e-07 0 0 
0.35853306631319876 0 0 0 0 0 0 0 0 1.44103251783566e-06 2.2507690700118061e-07 0 0 
0.35891685975418769 0 0 0 0 0 0 0 0 1.4427428813463723e-06 2.2529338615751078e-07 0 0 
0.35930011097958603 0 0 0 0 0 0 0 0 1.4444511342758529e-06 2.2550949390026468e-07 0 0 
0.3596827970388054 0 0 0 0 0 0 0 0 1.4461571726301219e-06 2.2572521754371279e-07 0 0 
0.36006489501862099 0 0 0 0 0 0 0 0 1.4478608925134612e-06 2.2594054443873896e-07 0 0 
0.36044638135809998 0 0 0 0 0 0 0 0 1.4495621870737467e-06 2.261554615868797e-07 0 0 
0.36082723253018689 0 0 0 0 0 0 0 0 1.4512609495409175e-06 2.2636995602463368e-07 0 0 
0.36120742573316106 0 0 0 0 0 0 0 0 1.4529570763123809e-06 2.2658401521263686e-07 0 0 
0.36158693820885734 0 0 0 0 0 0 0 0 1.4546504639142143e-06 2.2679762665130334e-07 0 0 
0.36196574655017311 0 0 0 0 0 0 0 0 1.4563410059111486e-06 2.2701077749113901e-07 0 0 
0.36234382738893967 0 0 0 0 0 0 0 0 1.4580285959751307e-06 2.2722345492011649e-07 0 0 
0.36272115809535815 0 0 0 0 0 0 0 0 1.4597131310088713e-06 2.2743564655684784e-07 0 0 
0.36309771608936231 0 0 0 0 0 0 0 0 1.4613945080741297e-06 2.2764734006281778e-07 0 0 
0.36347347813953845 0 0 0 0 0 0 0 0 1.4630726212611798e-06 2.2785852274832678e-07 0 0 
0.36384842105839627 0 0 0 0 0 0 0 0 1.4647473647929946e-06 2.2806918196354129e-07 0 0 
0.3642225224109728 0 0 0 0 0 0 0 0 1.4664186361914031e-06 2.2827930549633772e-07 0 0 
0.36459575981819914 0 0 0 0 0 0 0 0 1.4680863331680815e-06 2.2848888118048572e-07 0 0 
0.36496811024600911 0 0 0 0 0 0 0 0 1.4697503504477897e-06 2.2869789649654304e-07 0 0 
0.36533955070917079 0 0 0 0 0 0 0 0 1.4714105829129982e-06 2.2890633896723376e-07 0 0 
0.36571005899031472 0 0 0 0 0 0 0 0 1.4730669288189822e-06 2.2911419656064798e-07 0 0 
0.36607961293411045 0 0 0 0 0 0 0 0 1.474719286641584e-06 2.2932145729372824e-07 0 0 
0.36644818972527032 0 0 0 0 0 0 0 0 1.4763675518486602e-06 2.2952810882738505e-07 0 0 
0.36681576660216392 0 0 0 0 0 0 0 0 1.4780116200905458e-06 2.2973413886689207e-07 0 0 
0.36718232158759873 0 0 0 0 0 0 0 0 1.4796513904702391e-06 2.2993953557117503e-07 0 0 
0.36754783277255071 0 0 0 0 0 0 0 0 1.4812867623418999e-06 2.3014428715089522e-07 0 0 
0.36791227758168826 0 0 0 0 0 0 0 0 1.482917632024741e-06 2.3034838145704643e-07 0 0 
0.36827563349806014 0 0 0 0 0 0 0 0 1.4845438960449714e-06 2.3055180638706097e-07 0 0 
0.36863787880704568 0 0 0 0 0 0 0 0 1.4861654544672328e-06 2.3075455030098563e-07 0 0 
0.36899899186830593 0 0 0 0 0 0 0 0 1.4877822076382303e-06 2.3095660161341912e-07 0 0 
0.36935895036736233 0 0 0 0 0 0 0 0 1.4893940528360964e-06 2.3115794837478027e-07 0 0 
0.36971773205272845 0 0 0 0 0 0 0 0 1.4910008875702049e-06 2.3135857868389261e-07 0 0 
0.37007531549454531 0 0 0 0 0 0 0 0 1.4926026129806158e-06 2.3155848111186924e-07 0 0 
0.37043167934333526 0 0 0 0 0 0 0 0 1.4941991305203749e-06 2.3175764428713444e-07 0 0 
0.37078680156606175 0 0 0 0 0 0 0 0 1.4957903385334129e-06 2.3195605646849144e-07 0 0 
0.37114066019716802 0 0 0 0 0 0 0 0 1.4973761356187218e-06 2.3215370596498982e-07 0 0 
0.37149323411352814 0 0 0 0 0 0 0 0 1.4989564241050391e-06 2.3235058156842547e-07 0 0 
0.37184450227848642 0 0 0 0 0 0 0 0 1.5005311066652765e-06 2.3254667213060711e-07 0 0 
0.37219444296070059 0 0 0 0 0 0 0 0 1.5021000828149709e-06 2.3274196612728538e-07 0 0 
0.37254303450065901 0 0 0 0 0 0 0 0 1.5036632523481081e-06 2.3293645208618048e-07 0 0 
0.37289025610370907 0 0 0 0 0 0 0 0 1.50522051889493e-06 2.3313011902905665e-07 0 0 
0.37323608706774997 0 0 0 0 0 0 0 0 1.5067717864610867e-06 2.3332295604033725e-07 0 0 
0.3735805059830215 0 0 0 0 0 0 0 0 1.5083169558384631e-06 2.3351495182089363e-07 0 0 
0.37392349151579235 0 0 0 0 0 0 0 0 1.5098559281200484e-06 2.337060951251531e-07 0 0 
0.37426502322138105 0 0 0 0 0 0 0 0 1.5113886083497566e-06 2.3389637521381174e-07 0 0 
0.37460508075373744 0 0 0 0 0 0 0 0 1.5129149019782933e-06 2.340857814128191e-07 0 0 
0.37494364304417616 0 0 0 0 0 0 0 0 1.5144347111771149e-06 2.3427430265593748e-07 0 0 
0.37528068910407064 0 0 0 0 0 0 0 0 1.5159479384408406e-06 2.3446192793193609e-07 0 0 
0.37561619885995601 0 0 0 0 0 0 0 0 1.517454490338544e-06 2.3464864674908255e-07 0 0 
0.37595015234308332 0 0 0 0 0 0 0 0 1.5189542738773637e-06 2.3483444868346057e-07 0 0 
0.37628252884490893 0 0 0 0 0 0 0 0 1.52044719270999e-06 2.3501932290908303e-07 0 0 
0.37661330774079188 0 0 0 0 0 0 0 0 1.5219331508337912e-06 2.3520325865628393e-07 0 0 
0.37694246934946918 0 0 0 0 0 0 0 0 1.5234120564532962e-06 2.3538624568923812e-07 0 0 
0.377269994100493 0 0 0 0 0 0 0 0 1.5248838182427776e-06 2.3556827384246434e-07 0 0 
0.37759586166406989 0 0 0 0 0 0 0 0 1.5263483414361962e-06 2.3574933253718249e-07 0 0 
0.37792005179794702 0 0 0 0 0 0 0 0 1.5278055316323951e-06 2.3592941125209387e-07 0 0 
0.37824254523378342 0 0 0 0 0 0 0 0 1.5292552987811628e-06 2.3610850001531761e-07 0 0 
0.37856332282017824 0 0 0 0 0 0 0 0 1.5306975533334887e-06 2.3628658892782233e-07 0 0 
0.37888236462420427 0 0 0 0 0 0 0 0 1.5321322022024282e-06 2.3646366766457575e-07 0 0 
0.37919965080388418 0 0 0 0 0 0 0 0 1.5335591526852845e-06 2.3663972595902631e-07 0 0 
0.37951516252425105 0 0 0 0 0 0 0 0 1.5349783165853925e-06 2.3681475411099099e-07 0 0 
0.37982888107344376 0 0 0 0 0 0 0 0 1.5363896062393872e-06 2.3698874249562865e-07 0 0 
0.3801407869329882 0 0 0 0 0 0 0 0 1.5377929303348674e-06 2.3716168104777461e-07 0 0 
0.3804508606785148 0 0 0 0 0 0 0 0 1.5391881979620787e-06 2.3733355976157695e-07 0 0 
0.3807590839286154 0 0 0 0 0 0 0 0 1.5405753228853336e-06 2.3750436921603178e-07 0 0 
0.38106543843121277 0 0 0 0 0 0 0 0 1.5419542194344742e-06 2.37674100067974e-07 0 0 
0.38136990509930391 0 0 0 0 0 0 0 0 1.5433247981648041e-06 2.3784274251780404e-07 0 0 
0.38167246494286067 0 0 0 0 0 0 0 0 1.5446869700512325e-06 2.3801028682588002e-07 0 0 
0.38197310005395629 0 0 0 0 0 0 0 0 1.5460406509253822e-06 2.3817672385760911e-07 0 0 
0.38227179266030187 0 0 0 0 0 0 0 0 1.547385757216805e-06 2.3834204455875582e-07 0 0 
0.38256852412277176 0 0 0 0 0 0 0 0 1.548722201438848e-06 2.3850623940053986e-07 0 0 
0.38286327590176644 0 0 0 0 0 0 0 0 1.550049896539947e-06 2.3866929891460087e-07 0 0 
0.38315603058251013 0 0 0 0 0 0 0 0 1.5513687605240589e-06 2.3883121425975709e-07 0 0 
0.38344677089228296 0 0 0 0 0 0 0 0 1.5526787120260527e-06 2.3899197667774073e-07 0 0 
0.38373547865558327 0 0 0 0 0 0 0 0 1.5539796656045258e-06 2.3915157691541272e-07 0 0 
0.38402213579862671 0 0 0 0 0 0 0 0 1.5552715362670896e-06 2.3931000578029549e-07 0 0 
0.38430672541922106 0 0 0 0 0 0 0 0 1.5565542442938157e-06 2.3946725473141396e-07 0 0 
0.38458923076379553 0 0 0 0 0 0 0 0 1.557827710629573e-06 2.3962331531332874e-07 0 0 
0.38486963413550535 0 0 0 0 0 0 0 0 1.55909185196207e-06 2.3977817855290552e-07 0 0 
0.38514791794100611 0 0 0 0 0 0 0 0 1.5603465854400874e-06 2.399318355376721e-07 0 0 
0.38542406580990807 0 0 0 0 0 0 0 0 1.5615918337226855e-06 2.4008427803348255e-07 0 0 
0.38569806152720054 0 0 0 0 0 0 0 0 1.5628275201682167e-06 2.4023549789443938e-07 0 0 
0.38596988788895453 0 0 0 0 0 0 0 0 1.5640535636737855e-06 2.4038548643130243e-07 0 0 
0.3862395277960573 0 0 0 0 0 0 0 0 1.5652698836073921e-06 2.4053423501523125e-07 0 0 
0.38650696542895924 0 0 0 0 0 0 0 0 1.5664764051088571e-06 2.4068173572538933e-07 0 0 
0.38677218513049627 0 0 0 0 0 0 0 0 1.5676730540529234e-06 2.4082798073202726e-07 0 0 
0.38703517020306927 0 0 0 0 0 0 0 0 1.5688597516222553e-06 2.4097296163319536e-07 0 0 
0.38729590405467212 0 0 0 0 0 0 0 0 1.5700364194776519e-06 2.411166700867849e-07 0 0 
0.38755437143549659 0 0 0 0 0 0 0 0 1.5712029853406915e-06 2.4125909849164724e-07 0 0 
0.38781055726544633 0 0 0 0 0 0 0 0 1.5723593777047552e-06 2.4140023934073573e-07 0 0 
0.38806444536573792 0 0 0 0 0 0 0 0 1.5735055201096831e-06 2.415400845222655e-07 0 0 
0.38831601966333151 0 0 0 0 0 0 0 0 1.5746413365780032e-06 2.4167862598339034e-07 0 0 
0.38856526549698372 0 0 0 0 0 0 0 0 1.5757667575131906e-06 2.4181585644898398e-07 0 0 
0.38881216838290023 0 0 0 0 0 0 0 0 1.5768817141293172e-06 2.4195176874125656e-07 0 0 
0.3890567126725728 0 0 0 0 0 0 0 0 1.577986132390204e-06 2.4208635504090622e-07 0 0 
0.38929888282265029 0 0 0 0 0 0 0 0 1.5790799387432429e-06 2.4221960758626878e-07 0 0 
0.38953866477927962 0 0 0 0 0 0 0 0 1.580163066373806e-06 2.4235151943458232e-07 0 0 
0.38977604467432025 0 0 0 0 0 0 0 0 1.5812354493189123e-06 2.424820837439497e-07 0 0 
0.39001100739985117 0 0 0 0 0 0 0 0 1.5822970160274651e-06 2.4261129298926286e-07 0 0 
0.39024353795164712 0 0 0 0 0 0 0 0 1.5833476954288103e-06 2.4273913970128252e-07 0 0 
0.39047362290217669 0 0 0 0 0 0 0 0 1.5843874235902187e-06 2.4286561727603691e-07 0 0 
0.39070124901855985 0 0 0 0 0 0 0 0 1.5854161374746729e-06 2.4299071921433078e-07 0 0 
0.3909264017424795 0 0 0 0 0 0 0 0 1.586433768070953e-06 2.4311443828628926e-07 0 0 
0.39114906661680132 0 0 0 0 0 0 0 0 1.5874402468403638e-06 2.4323676731557909e-07 0 0 
0.39136923085949049 0 0 0 0 0 0 0 0 1.5884355128328216e-06 2.4335770004362532e-07 0 0 
0.39158688189297286 0 0 0 0 0 0 0 0 1.5894195060417119e-06 2.4347723032102672e-07 0 0 
0.39180200571607021 0 0 0 0 0 0 0 0 1.5903921600434464e-06 2.4359535121343193e-07 0 0 
0.39201458842499343 0 0 0 0 0 0 0 0 1.5913534088730672e-06 2.4371205583701651e-07 0 0 
0.39222461790280644 0 0 0 0 0 0 0 0 1.5923031946652166e-06 2.4382733828550533e-07 0 0 
0.39243208224796866 0 0 0 0 0 0 0 0 1.59324146055093e-06 2.4394119276682198e-07 0 0 
0.39263696802225723 0 0 0 0 0 0 0 0 1.59416814273363e-06 2.4405361264156138e-07 0 0 
0.392839261879462 0 0 0 0 0 0 0 0 1.5950831778541807e-06 2.4416459131698754e-07 0 0 
0.39303895238801934 0 0 0 0 0 0 0 0 1.5959865112366912e-06 2.4427412324646968e-07 0 0 
0.39323602834416266 0 0 0 0 0 0 0 0 1.5968780892611163e-06 2.4438220300342325e-07 0 0 
0.39343047687641336 0 0 0 0 0 0 0 0 1.5977578507875316e-06 2.4448882424179112e-07 0 0 
0.39362228519794434 0 0 0 0 0 0 0 0 1.5986257350830909e-06 2.4459398065727404e-07 0 0 
0.39381144258383904 0 0 0 0 0 0 0 0 1.599481690770253e-06 2.4469766707087047e-07 0 0 
0.39399793855130827 0 0 0 0 0 0 0 0 1.6003256675951368e-06 2.4479987843055394e-07 0 0 
0.39418176079697109 0 0 0 0 0 0 0 0 1.601157607092614e-06 2.4490060868079427e-07 0 0 
0.39436289709220584 0 0 0 0 0 0 0 0 1.6019774511626478e-06 2.4499985180155344e-07 0 0 
0.39454133744146763 0 0 0 0 0 0 0 0 1.6027851518406658e-06 2.4509760299034984e-07 0 0 
0.39471707210823426 0 0 0 0 0 0 0 0 1.603580662365264e-06 2.4519385758002958e-07 0 0 
0.39489008935559078 0 0 0 0 0 0 0 0 1.6043639269501093e-06 2.4528860980126228e-07 0 0 
0.39506037750820083 0 0 0 0 0 0 0 0 1.6051348901167546e-06 2.4538185391218009e-07 0 0 
0.39522792732468776 0 0 0 0 0 0 0 0 1.6058935074372803e-06 2.4547358549696844e-07 0 0 
0.39539272984304968 0 0 0 0 0 0 0 0 1.6066397357818125e-06 2.455638002854067e-07 0 0 
0.39555477388746385 0 0 0 0 0 0 0 0 1.6073735220291186e-06 2.4565249278812733e-07 0 0 
0.39571404832614654 0 0 0 0 0 0 0 0 1.6080948132889844e-06 2.4573965753286388e-07 0 0 
0.39587054469963145 0 0 0 0 0 0 0 0 1.6088035688062894e-06 2.4582529050235183e-07 0 0 
0.39602425485291654 0 0 0 0 0 0 0 0 1.6094997492403797e-06 2.4590938783782137e-07 0 0 
0.39617516816109011 0 0 0 0 0 0 0 0 1.6101833040991529e-06 2.4599194432116176e-07 0 0 
0.39632327401983009 0 0 0 0 0 0 0 0 1.6108541830174561e-06 2.460729547378152e-07 0 0 
0.39646856478352449 0 0 0 0 0 0 0 0 1.6115123490678327e-06 2.4615241548341133e-07 0 0 
0.39661103314273227 0 0 0 0 0 0 0 0 1.6121577668834483e-06 2.4623032312861238e-07 0 0 
0.39675066900692924 0 0 0 0 0 0 0 0 1.6127903885357108e-06 2.4630667271456714e-07 0 0 
0.39688746227451183 0 0 0 0 0 0 0 0 1.6134101660818271e-06 2.4638145926798625e-07 0 0 
0.39702140615171239 0 0 0 0 0 0 0 0 1.614017066603343e-06 2.464546796151956e-07 0 0 
0.39715249422210452 0 0 0 0 0 0 0 0 1.6146110589315364e-06 2.4652633077930165e-07 0 0 
0.39728071690440825 0 0 0 0 0 0 0 0 1.6151920975962519e-06 2.4659640804418255e-07 0 0 
0.39740606456282845 0 0 0 0 0 0 0 0 1.6157601369180328e-06 2.4666490665492987e-07 0 0 
0.39752853130226484 0 0 0 0 0 0 0 0 1.616315148208498e-06 2.4673182389136595e-07 0 0 
0.39764811166004566 0 0 0 0 0 0 0 0 1.6168571047808559e-06 2.4679715725947581e-07 0 0 
0.39776479652689145 0 0 0 0 0 0 0 0 1.6173859634625365e-06 2.468609022629398e-07 0 0 
0.39787857667814808 0 0 0 0 0 0 0 0 1.6179016805974256e-06 2.469230543328425e-07 0 0 
0.39798944717738705 0 0 0 0 0 0 0 0 1.6184042320071925e-06 2.4698361123268887e-07 0 0 
0.39809740359686391 0 0 0 0 0 0 0 0 1.6188935958629436e-06 2.4704257099311868e-07 0 0 
0.3982024372444356 0 0 0 0 0 0 0 0 1.6193697310481311e-06 2.4709992930527283e-07 0 0 
0.3983045392248814 0 0 0 0 0 0 0 0 1.6198325955666281e-06 2.4715568173930809e-07 0 0 
0.39840370564067612 0 0 0 0 0 0 0 0 1.6202821701213022e-06 2.4720982658382975e-07 0 0 
0.39849993321278865 0 0 0 0 0 0 0 0 1.6207184382641127e-06 2.4726236245389324e-07 0 0 
0.39859321358459887 0 0 0 0 0 0 0 0 1.6211413605711646e-06 2.4731328518139053e-07 0 0 
0.39868353806532686 0 0 0 0 0 0 0 0 1.6215508961458134e-06 2.4736259040524516e-07 0 0 
0.39877090390875702 0 0 0 0 0 0 0 0 1.6219470310882862e-06 2.4741027699833411e-07 0 0 
0.39885530915295808 0 0 0 0 0 0 0 0 1.6223297551017318e-06 2.4745634424988175e-07 0 0 
0.39893674565259918 0 0 0 0 0 0 0 0 1.6226990298971963e-06 2.4750078806280279e-07 0 0 
0.3990152047227491 0 0 0 0 0 0 0 0 1.6230548147823562e-06 2.4754360403457774e-07 0 0 
0.39909068493447819 0 0 0 0 0 0 0 0 1.6233971020135924e-06 2.4758479171096167e-07 0 0 
0.39916318590857791 0 0 0 0 0 0 0 0 1.6237258886556017e-06 2.4762435119833885e-07 0 0 
0.3992326995148483 0 0 0 0 0 0 0 0 1.6240411366697739e-06 2.4766227836193743e-07 0 0 
0.39929921674067714 0 0 0 0 0 0 0 0 1.6243428040601767e-06 2.4769856857424516e-07 0 0 
0.39936273773490499 0 0 0 0 0 0 0 0 1.6246308904259211e-06 2.4773322219426166e-07 0 0 
0.3994232641545456 0 0 0 0 0 0 0 0 1.6249054022552904e-06 2.477662403911953e-07 0 0 
0.39948078755823418 0 0 0 0 0 0 0 0 1.6251663002843454e-06 2.4779761881316129e-07 0 0 
0.39953529799929316 0 0 0 0 0 0 0 0 1.6254135384669959e-06 2.4782735227557623e-07 0 0 
0.39958679764427341 0 0 0 0 0 0 0 0 1.6256471257450295e-06 2.4785544218913751e-07 0 0 
0.39963529104556944 0 0 0 0 0 0 0 0 1.6258670819320237e-06 2.4788189125295585e-07 0 0 
0.39968076886794096 0 0 0 0 0 0 0 0 1.6260733638989284e-06 2.4790669457904959e-07 0 0 
0.39972321899343655 0 0 0 0 0 0 0 0 1.6262659159404382e-06 2.479298457499933e-07 0 0 
0.39976264641987103 0 0 0 0 0 0 0 0 1.6264447600351868e-06 2.4795134767058249e-07 0 0 
0.39979906048114577 0 0 0 0 0 0 0 0 1.6266099378817473e-06 2.4797120559708892e-07 0 0 
0.39983244980743293 0 0 0 0 0 0 0 0 1.6267613973141343e-06 2.4798941348246147e-07 0 0 
0.39986279709770883 0 0 0 0 0 0 0 0 1.6268990593074682e-06 2.4800596203336052e-07 0 0 
0.39989011185547924 0 0 0 0 0 0 0 0 1.6270229664761256e-06 2.4802085656070114e-07 0 0 
0.39991441340955985 0 0 0 0 0 0 0 0 1.6271332060568848e-06 2.4803410771955798e-07 0 0 
0.39993568592556789 0 0 0 0 0 0 0 0 1.6272297058254397e-06 2.4804570697816168e-07 0 0 
0.39995389704778628 0 0 0 0 0 0 0 0 1.6273123186566882e-06 2.4805563678425331e-07 0 0 
0.39996906436632579 0 0 0 0 0 0 0 0 1.6273811240475107e-06 2.4806390680661682e-07 0 0 
0.39998123915905026 0 0 0 0 0 0 0 0 1.6274363543698767e-06 2.480705450685924e-07 0 0 
0.3999903989246073 0 0 0 0 0 0 0 0 1.6274779073511679e-06 2.4807553935239503e-07 0 0 
0.39999643917181321 0 0 0 0 0 0 0 0 1.6275053088201895e-06 2.4807883272415492e-07 0 0 
0.39999940921925187 0 0 0 0 0 0 0 0 1.6275187824090344e-06 2.4808045210038831e-07 0 0 
0.40014470978720729 0 0 0 0 0 0 0 0 1.628177956184451e-06 2.4815967016337004e-07 0 0 
0.40087200732087713 0 0 0 0 0 0 0 0 1.6314779976008503e-06 2.485560461088323e-07 0 0 
0.4023504857678486 0 0 0 0 0 0 0 0 1.6381893546346267e-06 2.4936105520724082e-07 0 0 
0.40459099165059786 0 0 0 0 0 0 0 0 1.6483672122134905e-06 2.5057903436383284e-07 0 0 
0.40756595103244253 0 0 0 0 0 0 0 0 1.661895051267042e-06 2.5219265164975963e-07 0 0 
0.41126720661127747 0 0 0 0 0 0 0 0 1.678746925473858e-06 2.5419442536011038e-07 0 0 
0.41570415041144115 0 0 0 0 0 0 0 0 1.6989791564464231e-06 2.565856035613149e-07 0 0 
0.42087730558454084 0 0 0 0 0 0 0 0 1.7226099737038834e-06 2.5936182211535218e-07 0 0 
0.42677418997626637 0 0 0 0 0 0 0 0 1.7495999537892482e-06 2.6251097944773652e-07 0 0 
0.4333857211088733 0 0 0 0 0 0 0 0 1.7799263462831247e-06 2.6602211200297169e-07 0 0 
0.440710961269694 0 0 0 0 0 0 0 0 1.8136046188265791e-06 2.6988786029110612e-07 0 0 
0.44874596479763007 0 0 0 0 0 0 0 0 1.8506369754117233e-06 2.7409850627784479e-07 0 0 
0.45747943583370998 0 0 0 0 0 0 0 0 1.890991602907193e-06 2.786397772452785e-07 0 0 
0.46690091015217572 0 0 0 0 0 0 0 0 1.934639632301876e-06 2.8349721465766668e-07 0 0 
0.47700458595107653 0 0 0 0 0 0 0 0 1.9815724180121277e-06 2.8865812910173393e-07 0 0 
0.48778302557637798 0 0 0 0 0 0 0 0 2.0317718487834662e-06 2.9410833523180219e-07 0 0 
0.49922381399572691 0 0 0 0 0 0 0 0 2.0851940020913432e-06 2.9983054845114858e-07 0 0 
0.51131463105416608 0 0 0 0 0 0 0 0 2.1417919941182957e-06 3.0580704729717457e-07 0 0 
0.52404621629588921 0 0 0 0 0 0 0 0 2.2015292992134215e-06 3.1202114851131328e-07 0 0 
0.53740818894154807 0 0 0 0 0 0 0 0 2.2643596280289664e-06 3.1845514782243228e-07 0 0 
0.55138642625179612 0 0 0 0 0 0 0 0 2.3302139135337338e-06 3.2508915922923721e-07 0 0 
0.56596663032049499 0 0 0 0 0 0 0 0 2.3990164543183167e-06 3.319029488112376e-07 0 0 
0.58113671008641465 0 0 0 0 0 0 0 0 2.4706956963521488e-06 3.388770836618432e-07 0 0 
0.59688371641169957 0 0 0 0 0 0 0 0 2.5451693563590357e-06 3.4599152916458954e-07 0 0 
0.61319169983749811 0 0 0 0 0 0 0 0 2.6223338827797825e-06 3.5322479759256796e-07 0 0 
0.63004443393837062 0 0 0 0 0 0 0 0 2.7020770421076556e-06 3.6055530984455895e-07 0 0 
0.64742740840993684 0 0 0 0 0 0 0 0 2.7842871794486805e-06 3.6796231674440469e-07 0 0 
0.66532542305970377 0 0 0 0 0 0 0 0 2.8688417338737899e-06 3.7542489697643405e-07 0 0 
0.68372076947809513 0 0 0 0 0 0 0 0 2.9555986746679636e-06 3.8292132274695216e-07 0 0 
0.70259543631942134 0 0 0 0 0 0 0 0 3.0444071008948471e-06 3.9043011604470045e-07 0 0 
0.72193283779604134 0 0 0 0 0 0 0 0 3.1351156121713714e-06 3.9793079749264923e-07 0 0 
0.74171582691895677 0 0 0 0 0 0 0 0 3.2275632653630136e-06 4.0540314336850077e-07 0 0 
0.76192510001822056 0 0 0 0 0 0 0 0 3.3215726388863384e-06 4.1282670227677461e-07 0 0 
0.78254106450705119 0 0 0 0 0 0 0 0 3.4169592471734623e-06 4.2018162997764604e-07 0 0 
0.80354538512753948 0 0 0 0 0 0 0 0 3.5135393427428103e-06 4.274492954340881e-07 0 0 
0.82491927657116704 0 0 0 0 0 0 0 0 3.6111226943623675e-06 4.3461170869854108e-07 0 0 
0.84664206205542669 0 0 0 0 0 0 0 0 3.7095069519118142e-06 4.416511398901349e-07 0 0 
0.86869281341895688 0 0 0 0 0 0 0 0 3.8084862263702879e-06 4.4855077795208911e-07 0 0 
0.89105177255089651 0 0 0 0 0 0 0 0 3.9078584052481951e-06 4.5529521062456895e-07 0 0 
0.91369883464927226 0 0 0 0 0 0 0 0 4.0074192466904848e-06 4.6186996512490689e-07 0 0 
0.93661221128141126 0 0 0 0 0 0 0 0 4.1069576946966311e-06 4.6826119438179076e-07 0 0 
0.95976991493173436 0 0 0 0 0 0 0 0 4.2062637039673159e-06 4.7445618753424524e-07 0 0 
0.98315109814083901 0 0 0 0 0 0 0 0 4.3051349972506831e-06 4.8044373588274124e-07 0 0 
1.0067346668417609 0 0 0 0 0 0 0 0 4.403372028112734e-06 4.8621374867471744e-07 0 0 
1.0304980098091647 0 0 0 0 0 0 0 0 4.5007738951678396e-06 4.9175698358013151e-07 0 0 
1.0544183784343379 0 0 0 0 0 0 0 0 4.5971453576195789e-06 4.9706543003639386e-07 0 0 
1.0784741772834623 0 0 0 0 0 0 0 0 4.6923029036478853e-06 5.0213257323844742e-07 0 0 
1.1026436631848888 0 0 0 0 0 0 0 0 4.7860702075143868e-06 5.0695306261604067e-07 0 0 
1.1269037095793317 0 0 0 0 0 0 0 0 4.8782743391245161e-06 5.1152247407230738e-07 0 0 
1.1512311198795371 0 0 0 0 0 0 0 0 4.9687518916069218e-06 5.1583758563412081e-07 0 0 
1.175603898342388 0 0 0 0 0 0 0 0 5.0573542523514532e-06 5.1989655333606517e-07 0 0 
1.2 0 0 0 0 0 0 0 0 5.1439432837765924e-06 5.2369862141790566e-07 0 0 
1.2243961016576119 0 0 0 0 0 0 0 0 5.2283876148693192e-06 5.2724391226918014e-07 0 0 
1.2487688801204628 0 0 0 0 0 0 0 0 5.3105678494196178e-06 5.3053361369700065e-07 0 0 
1.2730962904206682 0 0 0 0 0 0 0 0 5.3903810048710796e-06 5.3357008201128456e-07 0 0 
1.2973563368151111 0 0 0 0 0 0 0 0 5.4677362650013187e-06 5.36356590817388e-07 0 0 
1.3215258227165376 0 0 0 0 0 0 0 0 5.5425512471481316e-06 5.3889715038128074e-07 0 0 
1.345581621565662 0 0 0 0 0 0 0 0 5.6147563367686782e-06 5.4119662513593242e-07 0 0 
1.3695019901908352 0 0 0 0 0 0 0 0 5.6842983468272366e-06 5.4326077917290587e-07 0 0 
1.393265333158239 0 0 0 0 0 0 0 0 5.7511362988868486e-06 5.4509606500831341e-07 0 0 
1.416848901859161 0 0 0 0 0 0 0 0 5.8152376544453846e-06 5.4670947718475277e-07 0 0 
1.4402300850682654 0 0 0 0 0 0 0 0 5.8765818926771577e-06 5.4810861656406307e-07 0 0 
1.4633877887185887 0 0 0 0 0 0 0 0 5.9351635146026884e-06 5.4930169142831997e-07 0 0 
1.4863011653507276 0 0 0 0 0 0 0 0 5.9909878858821568e-06 5.5029734937665413e-07 0 0 
1.5089482274491033 0 0 0 0 0 0 0 0 6.0440674830449776e-06 5.5110457096208042e-07 0 0 
1.531307186581043 0 0 0 0 0 0 0 0 6.0944248753587178e-06 5.5173269387774579e-07 0 0 
1.5533579379445732 0 0 0 0 0 0 0 0 6.1420952380041139e-06 5.5219137923278884e-07 0 0 
1.5750807234288329 0 0 0 0 0 0 0 0 6.1871223268722579e-06 5.5249048973270787e-07 0 0 
1.5964546148724605 0 0 0 0 0 0 0 0 6.229554814027694e-06 5.5264002896012619e-07 0 0 
1.6174589354929487 0 0 0 0 0 0 0 0 6.2694488462681613e-06 5.5265013421779819e-07 0 0 
1.6380748999817794 0 0 0 0 0 0 0 0 6.3068702393870414e-06 5.5253101276747787e-07 0 0 
1.6582841730810431 0 0 0 0 0 0 0 0 6.3418906562230104e-06 5.5229286870860972e-07 0 0 
1.6780671622039587 0 0 0 0 0 0 0 0 6.3745840952000856e-06 5.5194589328026626e-07 0 0 
1.6974045636805786 0 0 0 0 0 0 0 0 6.4050291838215002e-06 5.5150023040719195e-07 0 0 
1.7162792305219048 0 0 0 0 0 0 0 0 6.433311211827198e-06 5.5096588210677031e-07 0 0 
1.734674576940296 0 0 0 0 0 0 0 0 6.4595185594456137e-06 5.5035268598264583e-07 0 0 
1.752572591590063 0 0 0 0 0 0 0 0 6.4837393682452685e-06 5.4967036286387171e-07 0 0 
1.7699555660616293 0 0 0 0 0 0 0 0 6.5060636999278585e-06 5.4892845431926856e-07 0 0 
1.7868083001625017 0 0 0 0 0 0 0 0 6.5265855449854301e-06 5.4813618982522871e-07 0 0 
1.8031162835883003 0 0 0 0 0 0 0 0 6.5453995106040465e-06 5.4730251735955909e-07 0 0 
1.8188632899135853 0 0 0 0 0 0 0 0 6.5625976527052939e-06 5.4643621830773115e-07 0 0 
1.834033369679505 0 0 0 0 0 0 0 0 6.5782716020618303e-06 5.4554581126697564e-07 0 0 
1.8486135737482039 0 0 0 0 0 0 0 0 6.5925146745418957e-06 5.4463936457018966e-07 0 0 
1.8625918110584518 0 0 0 0 0 0 0 0 6.6054187861858971e-06 5.4372458487113676e-07 0 0 
1.8759537837041107 0 0 0 0 0 0 0 0 6.6170713589556609e-06 5.4280901818360806e-07 0 0 
1.8886853689458338 0 0 0 0 0 0 0 0 6.6275574985204633e-06 5.418999085603513e-07 0 0 
1.9007761860042729 0 0 0 0 0 0 0 0 6.6369623558574829e-06 5.4100392425670089e-07 0 0 
1.9122169744236219 0 0 0 0 0 0 0 0 6.6453681938819545e-06 5.4012731434752555e-07 0 0 
1.9229954140489234 0 0 0 0 0 0 0 0 6.6528511760678509e-06 5.3927623552853431e-07 0 0 
1.9330990898478242 0 0 0 0 0 0 0 0 6.6594836815889733e-06 5.3845654660423078e-07 0 0 
1.9425205641662899 0 0 0 0 0 0 0 0 6.6653371754244798e-06 5.3767338353789479e-07 0 0 
1.95125403520237 0 0 0 0 0 0 0 0 6.6704793061603586e-06 5.369314027534342e-07 0 0 
1.9592890387303059 0 0 0 0 0 0 0 0 6.6749701643141427e-06 5.3623532625421966e-07 0 0 
1.9666142788911265 0 0 0 0 0 0 0 0 6.6788648382784971e-06 5.3558964383089625e-07 0 0 
1.9732258100237337 0 0 0 0 0 0 0 0 6.682217404123235e-06 5.3499788171689301e-07 0 0 
1.9791226944154592 0 0 0 0 0 0 0 0 6.6850779181316301e-06 5.3446295599634856e-07 0 0 
1.9842958495885588 0 0 0 0 0 0 0 0 6.6874870522257283e-06 5.3398819535718241e-07 0 0 
1.9887327933887224 0 0 0 0 0 0 0 0 6.6894788891910873e-06 5.3357694509574434e-07 0 0 
1.9924340489675574 0 0 0 0 0 0 0 0 6.6910880185513546e-06 5.332310383885379e-07 0 0 
1.995409008349402 0 0 0 0 0 0 0 0 6.6923468915803491e-06 5.3295114263406835e-07 0 0 
1.9976495142321513 0 0 0 0 0 0 0 0 6.6932747183874878e-06 5.3273925396080989e-07 0 0 
1.9991279926791228 0 0 0 0 0 0 0 0 6.6938774599224952e-06 5.3259891890675437e-07 0 0 
1.9998552902127926 0 0 0 0 0 0 0 0 6.6941711878607278e-06 5.3252973561136452e-07 0 0 
2.0061501659563135 0 0 0 0 0 0 0 0 6.6966371422243865e-06 5.3192684782690948e-07 0 0 
2.0370603111372816 0 0 0 0 0 0 0 0 6.7067771251541852e-06 5.2886189325121703e-07 0 0 
2.0998956451335715 0 0 0 0 0 0 0 0 6.7175340677216844e-06 5.2212228990687594e-07 0 0 
2.1951171451504123 0 0 0 0 0 0 0 0 6.7098002696580766e-06 5.107324324973669e-07 0 0 
2.3215529188788082 0 0 0 0 0 0 0 0 6.6581502607431169e-06 4.9374774160561542e-07 0 0 
2.4788562809792936 0 0 0 0 0 0 0 0 6.5354274449223284e-06 4.7029664455032866e-07 0 0 
2.6674263924862558 0 0 0 0 0 0 0 0 6.3165897479363034e-06 4.3983655934605665e-07 0 0 
2.8872854873429858 0 0 0 0 0 0 0 0 5.9846504767893686e-06 4.0254978814470736e-07 0 0 
3.1379030739913247 0 0 0 0 0 0 0 0 5.5363865055616139e-06 3.5951198495559464e-07 0 0 
3.4188931471271218 0 0 0 0 0 0 0 0 4.9839190226593732e-06 3.1251547213688077e-07 0 0 
3.7302158539620009 0 0 0 0 0 0 0 0 4.3531629632106661e-06 2.6380878808337523e-07 0 0 
4.071703503899279 0 0 0 0 0 0 0 0 3.6807266281283291e-06 2.158506798288513e-07 0 0 
4.4428760229326798 0 0 0 0 0 0 0 0 3.0080585518178841e-06 1.7096255304015096e-07 0 0 
4.8432886814674703 0 0 0 0 0 0 0 0 2.3737573629728095e-06 1.3095718319741734e-07 0 0 
5.2726949029207546 0 0 0 0 0 0 0 0 1.8076859777545631e-06 9.6944881570018383e-08 0 0 
5.7307785869960703 0 0 0 0 0 0 0 0 1.3282735976164722e-06 6.9329549382726376e-08 0 0 
6.2170120948183971 0 0 0 0 0 0 0 0 9.4209975431296873e-07 4.7898286402980691e-08 0 0 
6.7308718198020614 0 0 0 0 0 0 0 0 6.4544224798927121e-07 3.1977010148517499e-08 0 0 
7.2719641925752931 0 0 0 0 0 0 0 0 4.2750067720264263e-07 2.0635352458823099e-08 0 0 
7.8398480300157942 0 0 0 0 0 0 0 0 2.7401874918704227e-07 1.28780681935522e-08 0 0 
8.4339231157013366 0 0 0 0 0 0 0 0 1.7018016951400202e-07 7.777726679235137e-09 0 0 
9.0535817886210381 0 0 0 0 0 0 0 0 1.0252369086196129e-07 4.54914197844686e-09 0 0 
9.6983101786726245 0 0 0 0 0 0 0 0 5.9968497294057547e-08 2.5783469003109051e-09 0 0 
10.367557947497232 0 0 0 0 0 0 0 0 3.4080168624476131e-08 1.4168363680774441e-09 0 0 
11.060647243093669 0 0 0 0 0 0 0 0 1.8826037908083156e-08 7.552340361228627e-10 0 0 
11.776888442380752 0 0 0 0 0 0 0 0 1.0109741647491459e-08 3.9063136836926122e-10 0 0 
12.515664857422319 0 0 0 0 0 0 0 0 5.2760030971228621e-09 1.9606093346260692e-10 0 0 
13.276330480037416 0 0 0 0 0 0 0 0 2.6741217497727967e-09 9.54714974101794e-11 0 0 
14.058132702819048 0 0 0 0 0 0 0 0 1.3152792755891197e-09 4.5088865700118775e-11 0 0 
14.86030604357541 0 0 0 0 0 0 0 0 6.2715908075346607e-10 2.0640767789831401e-11 0 0 
15.682145606331758 0 0 0 0 0 0 0 0 2.8955106755831959e-10 9.1505783591846353e-12 0 0 
16.522922644055669 0 0 0 0 0 0 0 0 1.2926120377070029e-10 3.9239342964744164e-12 0 0 
17.381816750774377 0 0 0 0 0 0 0 0 5.5715699660512664e-11 1.6252189966583533e-12 0 0 
18.257995241549683 0 0 0 0 0 0 0 0 2.3148501016646715e-11 6.4890462234519032e-13 0 0 
19.15067886792043 0 0 0 0 0 0 0 0 9.2507507318921593e-12 2.4908997986897319e-13 0 0 
20.059069254274604 0 0 0 0 0 0 0 0 3.5459191603443247e-12 9.1576044544928432e-14 0 0 
20.98228763735564 0 0 0 0 0 0 0 0 1.2986886498531262e-12 3.2063152548393936e-14 0 0 
21.919444570305668 0 0 0 0 0 0 0 0 4.5180856383345745e-13 1.0593933044234202e-14 0 0 
22.869700333413107 0 0 0 0 0 0 0 0 1.4785440313084584e-13 3.2496018417726575e-15 0 0 
23.832200472594074 0 0 0 0 0 0 0 0 4.4712661274654167e-14 8.9501864858252399e-16 0 0 
24.806018979459978 0 0 0 0 0 0 0 0 1.2037535415687923e-14 2.0305942688024345e-16 0 0 
25.790221384598713 0 0 0 0 0 0 0 0 2.6056038668646543e-15 2.563856702688084e-17 0 0 
26.783921670985659 0 0 0 0 0 0 0 0 2.6141001096929168e-16 -8.3992185506574659e-18 0 0 
27.786223340774846 0 0 0 0 0 0 0 0 -1.5286185454762586e-16 -9.1666327070261343e-18 0 0 
28.796165416889508 0 0 0 0 0 0 0 0 -1.3952128585817798e-16 -5.3095996208094987e-18 0 0 
29.812781083459363 0 0 0 0 0 0 0 0 -7.7320777896570337e-17 -2.5258438666946336e-18 0 0 
30.835152534547149 0 0 0 0 0 0 0 0 -3.5927853340948612e-17 -1.0825341440963366e-18 0 0 
31.862355685357784 0 0 0 0 0 0 0 0 -1.5148690554337167e-17 -4.3337352703587862e-19 0 0 
32.8934076571216 0 0 0 0 0 0 0 0 -5.9874174034916475e-18 -1.6505451746100563e-19 0 0 
33.927322594880323 0 0 0 0 0 0 0 0 -2.2562286904162625e-18 -6.0457588544930415e-20 0 0 
34.963165679551494 0 0 0 0 0 0 0 0 -8.1890035171302661e-19 -2.1449839676427327e-20 0 0 
36 0 0 0 0 0 0 0 0 -2.8823284463822525e-19 -7.408956328338192e-21 0 0 
37.036834320448506 0 0 0 0 0 0 0 0 -9.8874983067953251e-20 -2.5012599415533088e-21 0 0 
38.072677405119677 0 0 0 0 0 0 0 0 -3.3184423792574314e-20 -8.2795605796811208e-22 0 0 
39.1065923428784 0 0 0 0 0 0 0 0 -1.0930034907150911e-20 -2.6942296881717065e-22 0 0 
40.137644314642216 0 0 0 0 0 0 0 0 -3.5421709060414732e-21 -8.6381094902802102e-23 0 0 
41.164847465452851 0 0 0 0 0 0 0 0 -1.1320776304937426e-21 -2.7343419659825444e-23 0 0 
42.187218916540637 0 0 0 0 0 0 0 0 -3.5754689373912229e-22 -8.5614954706560566e-24 0 0 
43.203834583110492 0 0 0 0 0 0 0 0 -1.1179546200692124e-22 -2.6560291221962296e-24 0 0 
44.213776659225154 0 0 0 0 0 0 0 0 -3.4663360189485753e-23 -8.1766666558766266e-25 0 0 
45.216078329014337 0 0 0 0 0 0 0 0 -1.0675106674522522e-23 -2.5017447468216417e-25 0 0 
46.209778615401291 0 0 0 0 0 0 0 0 -3.2703261372237637e-24 -7.61844451051438e-26 0 0 
47.193981020540022 0 0 0 0 0 0 0 0 -9.9799698667334061e-25 -2.3122022718446017e-26 0 0 
48.167799527405926 0 0 0 0 0 0 0 0 -3.037825480623977e-25 -7.002947413509356e-27 0 0 
49.130299666586893 0 0 0 0 0 0 0 0 -9.235937403707695e-26 -2.1193814636445219e-27 0 0 
50.080555429694328 0 0 0 0 0 0 0 0 -2.8084373670921329e-26 -6.4177871451812977e-28 0 0 
51.01771236264436 0 0 0 0 0 0 0 0 -8.5518903980717816e-27 -1.9469568877281338e-28 0 0 
51.940930745725396 0 0 0 0 0 0 0 0 -2.6111471249362881e-27 -5.9249591581369497e-29 0 0 
52.849321132079567 0 0 0 0 0 0 0 0 -8.0056409530024066e-28 -1.8113740420545791e-29 0 0 
53.742004758450321 0 0 0 0 0 0 0 0 -2.468538414970281e-28 -5.5722226778776745e-30 0 0 
54.618183249225623 0 0 0 0 0 0 0 0 -7.6683815669818185e-29 -1.7278952902039678e-30 0 0 
55.477077355944331 0 0 0 0 0 0 0 0 -2.4047731801733533e-29 -5.4125607022036819e-31 0 0 
56.317854393668242 0 0 0 0 0 0 0 0 -7.6330922353210525e-30 -1.7174597870518875e-31 0 0 
57.139693956424594 0 0 0 0 0 0 0 0 -2.4606718577460186e-30 -5.5398863775664543e-32 0 0 
57.941867297180949 0 0 0 0 0 0 0 0 -8.0907626291235044e-31 -1.824578950837552e-32 0 0 
58.723669519962584 0 0 0 0 0 0 0 0 -2.7283029418336397e-31 -6.170207590906726e-33 0 0 
59.484335142577677 0 0 0 0 0 0 0 0 -9.5010610888392736e-32 -2.1573217178835284e-33 0 0 
60.223111557619248 0 0 0 0 0 0 0 0 -3.4443794609864867e-32 -7.8595365850614363e-34 0 0 
60.939352756906331 0 0 0 0 0 0 0 0 -1.3105747760862608e-32 -3.0066982762511719e-34 0 0 
61.632442052502768 0 0 0 0 0 0 0 0 -5.2709764550218431e-33 -1.215494000639222e-34 0 0 
62.301689821327372 0 0 0 0 0 0 0 0 -2.2508396777526603e-33 -5.2119700305231553e-35 0 0 
62.946418211378962 0 0 0 0 0 0 0 0 -1.0212799431539703e-33 -2.370920892458392e-35 0 0 
63.566076884298667 0 0 0 0 0 0 0 0 -4.9090076832429294e-34 -1.1405619462614815e-35 0 0 
64.160151969984213 0 0 0 0 0 0 0 0 -2.486340560068813e-34 -5.7723335288975378e-36 0 0 
64.728035807424703 0 0 0 0 0 0 0 0 -1.31899009178571e-34 -3.0561722688075617e-36 0 0 
65.269128180197939 0 0 0 0 0 0 0 0 -7.2888343844828978e-35 -1.684254074602964e-36 0 0 
65.782987905181599 0 0 0 0 0 0 0 0 -4.1770998228851098e-35 -9.6220413575221658e-37 0 0 
66.269221413003933 0 0 0 0 0 0 0 0 -2.4746668014619679e-35 -5.6819943228317214e-37 0 0 
66.727305097079238 0 0 0 0 0 0 0 0 -1.5128159832089503e-35 -3.4624994053363429e-37 0 0 
67.15671131853253 0 0 0 0 0 0 0 0 -9.5344080267371594e-36 -2.1756655121374687e-37 0 0 
67.55712397706732 0 0 0 0 0 0 0 0 -6.1922532723677134e-36 -1.409100633717431e-37 0 0 
67.928296496100728 0 0 0 0 0 0 0 0 -4.1441191321230482e-36 -9.4065686431487863e-38 0 0 
68.269784146038006 0 0 0 0 0 0 0 0 -2.8592592841260264e-36 -6.4754797174846381e-38 0 0 
68.581106852872878 0 0 0 0 0 0 0 0 -2.0352809790246835e-36 -4.6001738090934189e-38 0 0 
68.862096926008675 0 0 0 0 0 0 0 0 -1.4954022212694678e-36 -3.3740113478238547e-38 0 0 
69.112714512657021 0 0 0 0 0 0 0 0 -1.1345664299736873e-36 -2.5559846594800111e-38 0 0 
69.332573607513751 0 0 0 0 0 0 0 0 -8.8958613625938668e-37 -2.0014838426398844e-38 0 0 
69.521143719020699 0 0 0 0 0 0 0 0 -7.215177130121439e-37 -1.6215799596059382e-38 0 0 
69.678447081121192 0 0 0 0 0 0 0 0 -6.0554085030112037e-37 -1.3597166762193835e-38 0 0 
69.804882854849581 0 0 0 0 0 0 0 0 -5.2578908815261568e-37 -1.1798076191065455e-38 0 0 
69.900104354866428 0 0 0 0 0 0 0 0 -4.7263360737068522e-37 -1.0599791481908749e-38 0 0 
69.962939688862718 0 0 0 0 0 0 0 0 -4.4048853527463208e-37 -9.8754986632514531e-39 0 0 
69.993849834043687 0 0 0 0 0 0 0 0 -4.2547420236570404e-37 -9.5372929869534748e-39 0 0 
