Angular Momentum Spectrum, a: 1nm    v: 0.5c   b: 1.5nm    Lmax: 5 

         w(au)                   dlEdwx                 dlHdwx                 dlEdwz                dlHdwz                  dlEsdwx                dlHsdwx                dlEsdwz                dlHsdwz              dlEedwx                dlHedwx                dlEedwz                dlHedwz
2.7133085101382903e-05 0 0 0 0 0 0 0 0 7.9241077929450636e-28 2.7610131682735413e-30 0 0 
0.00016350137266446518 0 0 0 0 0 0 0 0 -4.1020767071492614e-29 -1.7749370367472766e-29 0 0 
0.00044071608147164265 0 0 0 0 0 0 0 0 1.2527111174909667e-26 -9.3085586816079393e-29 0 0 
0.00086081093448711621 0 0 0 0 0 0 0 0 2.5129952996720552e-26 -2.6821270777514401e-28 0 0 
0.0014186158185829911 0 0 0 0 0 0 0 0 7.6639414664031739e-26 1.5777218104420236e-28 0 0 
0.0021126012396145422 0 0 0 0 0 0 0 0 4.8568588212647255e-26 -3.5340968553901329e-28 0 0 
0.0029445282021452468 0 0 0 0 0 0 0 0 -7.017706612846121e-27 1.1990685759359379e-28 0 0 
0.003914494797101431 0 0 0 0 0 0 0 0 5.9322340072620088e-26 1.2874209973206913e-27 0 0 
0.0050201606205499683 0 0 0 0 0 0 0 0 9.9913966811672471e-26 1.5903435849255598e-27 0 0 
0.0062598227079137536 0 0 0 0 0 0 0 0 3.1514046530493156e-25 8.3303711591338847e-28 0 0 
0.0076333052380676558 0 0 0 0 0 0 0 0 2.0952145642670074e-25 2.5243548967072378e-29 0 0 
0.0091398683995556618 0 0 0 0 0 0 0 0 9.3704053765772666e-26 6.3108872417680944e-28 0 0 
0.010777394218820652 0 0 0 0 0 0 0 0 1.9770747551011086e-25 -2.9534952291474682e-27 0 0 
0.012543920653532964 0 0 0 0 0 0 0 0 2.0841074027214955e-25 -1.9185097214975007e-27 0 0 
0.014438359865826866 0 0 0 0 0 0 0 0 1.2116903504194741e-27 2.4233807008389483e-27 0 0 
0.016459317295570902 0 0 0 0 0 0 0 0 6.161445431883026e-25 4.4933517161388832e-27 0 0 
0.018604465124198805 0 0 0 0 0 0 0 0 4.2287993229639647e-25 5.4526065768876336e-27 0 0 
0.020871493322656143 0 0 0 0 0 0 0 0 2.0517956600436429e-25 -5.4021194789534888e-27 0 0 
0.02325866555547923 0 0 0 0 0 0 0 0 8.3243127073817873e-25 1.9185097214975007e-27 0 0 
0.025764035426540266 0 0 0 0 0 0 0 0 4.1722537732777226e-25 -2.3224065049706588e-27 0 0 
0.028384954922211783 0 0 0 0 0 0 0 0 3.8693311856728541e-25 -6.9672195149119763e-27 0 0 
0.03111874318509282 0 0 0 0 0 0 0 0 8.0052342484379924e-25 -1.1813980916589873e-26 0 0 
0.03396313314120275 0 0 0 0 0 0 0 0 4.3257345509975227e-25 1.5146129380243427e-27 0 0 
0.036915696827193673 0 0 0 0 0 0 0 0 8.1910267688356451e-25 -3.6350710512584224e-27 0 0 
0.039973443719530891 0 0 0 0 0 0 0 0 7.884065213396045e-25 -3.3321484636535539e-27 0 0 
0.043133331363444494 0 0 0 0 0 0 0 0 8.4575986459279294e-25 -3.4331226595218434e-27 0 0 
0.046392639076863182 0 0 0 0 0 0 0 0 1.2997398492166226e-24 -1.454028420503369e-26 0 0 
0.04974851682369448 0 0 0 0 0 0 0 0 0 -8.885729236409477e-27 0 0 
0.053197644277142853 0 0 0 0 0 0 0 0 7.633649207642687e-25 -1.6357819730662901e-26 0 0 
0.056736644309891504 0 0 0 0 0 0 0 0 -2.5041600575335799e-26 -2.6253290925755273e-27 0 0 
0.060362407086757761 0 0 0 0 0 0 0 0 8.58684561663934e-25 -5.2506581851510546e-27 0 0 
0.06407171754730441 0 0 0 0 0 0 0 0 8.182948833166182e-25 -3.1302000719169748e-26 0 0 
0.067860956253416371 0 0 0 0 0 0 0 0 8.5060662599447084e-25 -2.2012374699287113e-26 0 0 
0.071726449595072114 0 0 0 0 0 0 0 0 -5.7353343253188442e-26 5.6545549686242126e-27 0 0 
0.075664759711413662 0 0 0 0 0 0 0 0 -1.001664023013432e-25 -2.6253290925755273e-27 0 0 
0.079672364357093836 0 0 0 0 0 0 0 0 8.6514691019950453e-25 1.4136387421560532e-27 0 0 
0.083745386635392521 0 0 0 0 0 0 0 0 1.6091247853570616e-24 2.0194839173657902e-28 0 0 
0.087879902516054403 0 0 0 0 0 0 0 0 1.655976812239948e-24 -8.683780844672898e-27 0 0 
0.092072207353293106 0 0 0 0 0 0 0 0 1.546116887135249e-24 2.6253290925755273e-27 0 0 
0.09631853149673858 0 0 0 0 0 0 0 0 1.6155871338926322e-26 -5.2506581851510546e-27 0 0 
0.10061478961526461 0 0 0 0 0 0 0 0 1.6769794449805522e-24 8.0779356694631609e-27 0 0 
0.1049568590497002 0 0 0 0 0 0 0 0 1.5929689140181353e-24 3.5946813729111066e-26 0 0 
0.10934083090140731 0 0 0 0 0 0 0 0 1.5218830801268595e-24 -3.5542916945637908e-26 0 0 
0.11376275003283018 0 0 0 0 0 0 0 0 1.6640547479094111e-24 -1.5348077771980006e-26 0 0 
0.1182183768392184 0 0 0 0 0 0 0 0 2.3926845452949883e-24 3.6754607296057382e-26 0 0 
0.12270344595643837 0 0 0 0 0 0 0 0 2.7044928621362663e-24 2.3829910224916325e-26 0 0 
0.12721390824064918 0 0 0 0 0 0 0 0 1.6139715467587395e-24 2.2214323091023692e-26 0 0 
0.13174568684716667 0 0 0 0 0 0 0 0 -1.906392817993306e-25 -8.0779356694631609e-27 0 0 
0.13629444554612472 0 0 0 0 0 0 0 0 9.4511847332718982e-25 2.4233807008389483e-27 0 0 
0.14085583497741319 0 0 0 0 0 0 0 0 1.686672967783908e-24 -3.4331226595218434e-26 0 0 
0.14542573093919775 0 0 0 0 0 0 0 0 1.1777630206077289e-24 -5.2102685068037388e-26 0 0 
0.14999999999999999 0 0 0 0 0 0 0 0 -2.762653998956401e-25 -8.885729236409477e-27 0 0 
0.15457426906080224 0 0 0 0 0 0 0 0 1.4637219433067248e-24 7.6740388859900028e-27 0 0 
0.1591441650225868 0 0 0 0 0 0 0 0 1.5138051444573964e-24 7.6740388859900028e-27 0 0 
0.16370555445387527 0 0 0 0 0 0 0 0 1.4637219433067248e-24 0 0 0 
0.16825431315283332 0 0 0 0 0 0 0 0 1.6511300508382701e-24 -6.4623485355705287e-27 0 0 
0.17278609175935081 0 0 0 0 0 0 0 0 1.4798778146456511e-24 5.7353343253188442e-26 0 0 
0.17729655404356162 0 0 0 0 0 0 0 0 1.3829425866120931e-24 8.0779356694631609e-27 0 0 
0.18178162316078159 0 0 0 0 0 0 0 0 1.6220494824282027e-24 -4.7659820449832649e-26 0 0 
0.18623724996716981 0 0 0 0 0 0 0 0 1.6543612251060553e-24 1.2116903504194741e-26 0 0 
0.19065916909859268 0 0 0 0 0 0 0 0 1.5606571713402827e-24 -5.1294891501091072e-26 0 0 
0.19504314095029979 0 0 0 0 0 0 0 0 1.6155871338926322e-24 -4.4832542965520543e-26 0 0 
0.19938521038473539 0 0 0 0 0 0 0 0 1.4831089889134363e-24 -4.4428646182047385e-26 0 0 
0.20368146850326141 0 0 0 0 0 0 0 0 1.6220494824282027e-24 5.0890994717617914e-26 0 0 
0.20792779264670688 0 0 0 0 0 0 0 0 9.6935228033557931e-27 -3.7966297646476856e-26 0 0 
0.21212009748394559 0 0 0 0 0 0 0 0 3.1924001765718412e-24 6.4623485355705287e-27 0 0 
0.21625461336460747 0 0 0 0 0 0 0 0 3.2861042303376138e-24 3.5542916945637908e-26 0 0 
0.22032763564290614 0 0 0 0 0 0 0 0 3.3507277156933191e-24 6.8662453190436868e-26 0 0 
0.22433524028858631 0 0 0 0 0 0 0 0 -2.5849394142282115e-25 -3.6350710512584224e-26 0 0 
0.22827355040492786 0 0 0 0 0 0 0 0 -2.358757215483243e-25 -4.2005265481208437e-26 0 0 
0.23213904374658362 0 0 0 0 0 0 0 0 3.4024265039778834e-24 -7.1085833891275816e-26 0 0 
0.23592828245269559 0 0 0 0 0 0 0 0 3.6189151799194961e-24 2.261821987449685e-26 0 0 
0.23963759291324221 0 0 0 0 0 0 0 0 3.3507277156933191e-24 -4.0389678347315804e-26 0 0 
0.24326335569010848 0 0 0 0 0 0 0 0 3.140701388287277e-24 -2.1810426307550534e-26 0 0 
0.24680235572285714 0 0 0 0 0 0 0 0 1.5412701257335711e-24 -5.7353343253188442e-26 0 0 
0.25025148317630552 0 0 0 0 0 0 0 0 4.7950626133933323e-24 -1.0501316370302109e-26 0 0 
0.25360736092313679 0 0 0 0 0 0 0 0 3.1988625251074117e-25 3.1503949110906327e-26 0 0 
0.2568666686365555 0 0 0 0 0 0 0 0 1.5186519058590742e-25 -4.5236439748993701e-26 0 0 
0.26002655628046911 0 0 0 0 0 0 0 0 -3.9097208640201699e-25 4.0389678347315804e-27 0 0 
0.26308430317280629 0 0 0 0 0 0 0 0 3.3765771098356013e-24 8.0779356694631609e-27 0 0 
0.26603686685879724 0 0 0 0 0 0 0 0 4.8984601899624608e-24 -1.6155871338926322e-27 0 0 
0.26888125681490715 0 0 0 0 0 0 0 0 4.9727771981215218e-24 8.0779356694631609e-28 0 0 
0.27161504507778822 0 0 0 0 0 0 0 0 4.8726107958201786e-24 -1.9387045606711586e-26 0 0 
0.27423596457345972 0 0 0 0 0 0 0 0 1.7609899759429691e-24 1.6155871338926322e-26 0 0 
0.27674133444452076 0 0 0 0 0 0 0 0 0 -5.0890994717617914e-26 0 0 
0.27912850667734385 0 0 0 0 0 0 0 0 5.0244759864060861e-24 -2.4233807008389483e-26 0 0 
0.28139553487580116 0 0 0 0 0 0 0 0 -1.001664023013432e-25 -6.9470246757383184e-26 0 0 
0.28354068270442911 0 0 0 0 0 0 0 0 -5.3960610272013915e-25 -6.0584517520973707e-26 0 0 
0.28556164013417312 0 0 0 0 0 0 0 0 1.3409373211308847e-24 1.0501316370302109e-26 0 0 
0.287456079346467 0 0 0 0 0 0 0 0 1.8708499010476681e-24 -1.454028420503369e-26 0 0 
0.28922260578117931 0 0 0 0 0 0 0 0 -5.1375670857785703e-25 -3.2311742677852644e-27 0 0 
0.29086013160044433 0 0 0 0 0 0 0 0 4.8047561361966881e-24 -2.1810426307550534e-26 0 0 
0.29236669476193233 0 0 0 0 0 0 0 0 3.2505613133919759e-24 -6.0584517520973707e-26 0 0 
0.29374017729208624 0 0 0 0 0 0 0 0 1.6899041420516933e-24 -1.7125223619261901e-25 0 0 
0.29497983937945005 0 0 0 0 0 0 0 0 3.4412005951913065e-24 -5.573775611929581e-26 0 0 
0.29608550520289856 0 0 0 0 0 0 0 0 5.2571205336866251e-24 -1.2682359001057163e-25 0 0 
0.29705547179785474 0 0 0 0 0 0 0 0 3.3378030186221781e-24 8.885729236409477e-27 0 0 
0.29788739876038545 0 0 0 0 0 0 0 0 -3.5542916945637908e-26 8.3202737395470557e-26 0 0 
0.298581384181417 0 0 0 0 0 0 0 0 3.2182495707141233e-24 -4.2005265481208437e-26 0 0 
0.29913918906551284 0 0 0 0 0 0 0 0 -1.9387045606711586e-25 6.3815691788758971e-26 0 0 
0.29955928391852837 0 0 0 0 0 0 0 0 -5.169878828456423e-26 1.454028420503369e-26 0 0 
0.29983649862733552 0 0 0 0 0 0 0 0 -2.3264454728053903e-25 3.9581884780369488e-26 0 0 
0.29997286691489861 0 0 0 0 0 0 0 0 -1.0985992510469899e-25 -4.6852026882886333e-26 0 0 
0.30000059078074809 0 0 0 0 0 0 0 0 3.1730131309651296e-24 -4.1197471914262121e-26 0 0 
0.30000356082818674 0 0 0 0 0 0 0 0 3.4250447238523802e-24 -9.6935228033557931e-27 0 0 
0.30000960107539265 0 0 0 0 0 0 0 0 -9.6935228033557931e-26 7.2701421025168448e-26 0 0 
0.30001876084094969 0 0 0 0 0 0 0 0 -1.7125223619261901e-25 -5.2506581851510546e-26 0 0 
0.30003093563367417 0 0 0 0 0 0 0 0 5.1763411769919935e-24 -7.3509214592114764e-26 0 0 
0.30004610295221368 0 0 0 0 0 0 0 0 7.7548182426846345e-26 -4.8467614016778965e-27 0 0 
0.30006431407443207 0 0 0 0 0 0 0 0 3.8774091213423172e-25 -4.3620852615101069e-26 0 0 
0.3000855865904401 0 0 0 0 0 0 0 0 5.0923306460295766e-24 -9.6935228033557931e-27 0 0 
0.30010988814452072 0 0 0 0 0 0 0 0 3.3151847987476812e-24 1.857925203976527e-26 0 0 
0.30013720290229112 0 0 0 0 0 0 0 0 3.0696155543960011e-25 -5.169878828456423e-26 0 0 
0.30016755019256702 0 0 0 0 0 0 0 0 -3.3927329811745276e-25 -5.6545549686242126e-26 0 0 
0.30020093951885418 0 0 0 0 0 0 0 0 4.888766667159105e-24 1.5348077771980006e-26 0 0 
0.30023735358012893 0 0 0 0 0 0 0 0 4.8499925759456818e-24 -9.1280673064933718e-26 0 0 
0.30027678100656341 0 0 0 0 0 0 0 0 -2.5203159288725062e-25 -8.1587150261577925e-26 0 0 
0.30031923113205899 0 0 0 0 0 0 0 0 -1.7125223619261901e-25 -2.1002632740604218e-26 0 0 
0.30036470895443051 0 0 0 0 0 0 0 0 -8.7241705230202138e-26 -2.1002632740604218e-26 0 0 
0.30041320235572655 0 0 0 0 0 0 0 0 4.6141168543973575e-24 6.7854659623490551e-26 0 0 
0.3004647020007068 0 0 0 0 0 0 0 0 -2.4556924435168009e-25 -6.8662453190436868e-26 0 0 
0.30051921244176577 0 0 0 0 0 0 0 0 5.1440294343141409e-24 3.2311742677852644e-27 0 0 
0.30057673584545436 0 0 0 0 0 0 0 0 3.153626085358418e-24 -8.8049498797148454e-26 0 0 
0.30063726226509496 0 0 0 0 0 0 0 0 -1.3247814497919584e-25 -4.2005265481208437e-26 0 0 
0.30070078325932281 0 0 0 0 0 0 0 0 3.7901674161121151e-24 -8.885729236409477e-26 0 0 
0.30076730048515166 0 0 0 0 0 0 0 0 5.0697124261550798e-24 -1.3732490638087374e-26 0 0 
0.30083681409142204 0 0 0 0 0 0 0 0 3.2376366163208349e-24 -9.7743021600504247e-26 0 0 
0.30090931506552177 0 0 0 0 0 0 0 0 5.1892658740631346e-24 -1.4863401631812216e-25 0 0 
0.30098479527725086 0 0 0 0 0 0 0 0 -2.4233807008389483e-25 -4.0389678347315804e-27 0 0 
0.30106325434740078 0 0 0 0 0 0 0 0 4.9340031069080987e-24 -8.5626118096309505e-26 0 0 
0.30114469084704187 0 0 0 0 0 0 0 0 4.5850362859872901e-24 -3.6350710512584224e-26 0 0 
0.30122909609124293 0 0 0 0 0 0 0 0 4.6755091654852775e-24 6.4623485355705287e-27 0 0 
0.3013164619346731 0 0 0 0 0 0 0 0 4.8661484472846081e-24 -2.5849394142282115e-26 0 0 
0.30140678641540108 0 0 0 0 0 0 0 0 4.8370678788745407e-24 -6.5431278922651603e-26 0 0 
0.30150006678721131 0 0 0 0 0 0 0 0 4.7982937876611176e-24 -6.0584517520973707e-26 0 0 
0.30159629435932384 0 0 0 0 0 0 0 0 3.4282758981201655e-24 2.3426013441443167e-26 0 0 
0.30169546077511855 0 0 0 0 0 0 0 0 -1.906392817993306e-25 -1.203612414750011e-25 0 0 
0.30179756275556435 0 0 0 0 0 0 0 0 3.0469973345215043e-24 -7.02780403243295e-26 0 0 
0.30190259640313605 0 0 0 0 0 0 0 0 3.7449309763631214e-24 -7.02780403243295e-26 0 0 
0.30201055282261291 0 0 0 0 0 0 0 0 2.5849394142282115e-26 -1.0339757656912846e-25 0 0 
0.30212142332185188 0 0 0 0 0 0 0 0 3.2667171847309023e-24 4.0389678347315804e-27 0 0 
0.3022352034731085 0 0 0 0 0 0 0 0 3.2182495707141233e-24 -9.6127434466611615e-26 0 0 
0.3023518883399543 0 0 0 0 0 0 0 0 3.4315070723879507e-24 -1.2359241574278636e-25 0 0 
0.30247146869773511 0 0 0 0 0 0 0 0 5.2991257991678335e-25 3.4735123378691592e-26 0 0 
0.3025939354371715 0 0 0 0 0 0 0 0 5.244195836615484e-24 -8.9665085931041086e-26 0 0 
0.30271928309559171 0 0 0 0 0 0 0 0 -1.809457589959748e-25 9.6935228033557931e-27 0 0 
0.30284750577789543 0 0 0 0 0 0 0 0 -5.8161136820134758e-25 3.2311742677852644e-26 0 0 
0.30297859384828757 0 0 0 0 0 0 0 0 9.0472879497987402e-26 -3.2311742677852644e-27 0 0 
0.30311253772548813 0 0 0 0 0 0 0 0 5.292663450632263e-24 -3.6350710512584224e-26 0 0 
0.30324933099307072 0 0 0 0 0 0 0 0 5.4994586037705199e-24 -5.9776723954027391e-26 0 0 
0.30338896685726768 0 0 0 0 0 0 0 0 5.0212448121383008e-24 -3.7966297646476856e-26 0 0 
0.30353143521647546 0 0 0 0 0 0 0 0 5.0503253805483682e-24 -7.02780403243295e-26 0 0 
0.30367672598016987 0 0 0 0 0 0 0 0 3.3668835870322455e-24 -8.1587150261577925e-26 0 0 
0.30382483183890985 0 0 0 0 0 0 0 0 5.0406318577450124e-24 -3.3927329811745276e-26 0 0 
0.30397574514708342 0 0 0 0 0 0 0 0 2.652794073851702e-24 -5.573775611929581e-26 0 0 
0.3041294553003685 0 0 0 0 0 0 0 0 -3.1019272970738538e-25 -1.3086255784530321e-25 0 0 
0.30428595167385342 0 0 0 0 0 0 0 0 3.5769099144382876e-24 -1.2359241574278636e-25 0 0 
0.3044452261125361 0 0 0 0 0 0 0 0 3.2731795332664728e-24 -8.885729236409477e-27 0 0 
0.30460727015695027 0 0 0 0 0 0 0 0 3.9452637809658078e-24 -7.9163769560738977e-26 0 0 
0.3047720726753122 0 0 0 0 0 0 0 0 2.5203159288725062e-25 -1.1874565434110847e-25 0 0 
0.30493962249179912 0 0 0 0 0 0 0 0 3.5607540430993613e-24 8.0779356694631609e-28 0 0 
0.30510991064440918 0 0 0 0 0 0 0 0 -2.5849394142282115e-26 -1.2924697071141057e-26 0 0 
0.3052829278917657 0 0 0 0 0 0 0 0 4.3588540872423216e-24 6.9470246757383184e-26 0 0 
0.30545866255853232 0 0 0 0 0 0 0 0 2.8692827497933147e-24 -1.3409373211308847e-25 0 0 
0.30563710290779411 0 0 0 0 0 0 0 0 -3.0373038117181485e-25 -3.2311742677852644e-26 0 0 
0.30581823920302886 0 0 0 0 0 0 0 0 4.9792395466570924e-24 -1.6317430052315585e-25 0 0 
0.30600206144869169 0 0 0 0 0 0 0 0 6.4623485355705287e-26 -4.7659820449832649e-26 0 0 
0.30618855741616091 0 0 0 0 0 0 0 0 4.9307719326403134e-24 -3.3927329811745276e-26 0 0 
0.30637771480205561 0 0 0 0 0 0 0 0 3.5316734746892939e-24 -9.1280673064933718e-26 0 0 
0.3065695231235866 0 0 0 0 0 0 0 0 4.6787403397530628e-24 -4.9275407583725281e-26 0 0 
0.3067639716558373 0 0 0 0 0 0 0 0 -2.3910689581610956e-25 -5.2506581851510546e-26 0 0 
0.30696104761198062 0 0 0 0 0 0 0 0 3.2214807449819086e-24 -2.9080568410067379e-26 0 0 
0.30716073812053796 0 0 0 0 0 0 0 0 4.7853690905899765e-24 -6.5431278922651603e-26 0 0 
0.30736303197774273 0 0 0 0 0 0 0 0 3.5155176033503676e-24 5.2506581851510546e-26 0 0 
0.30756791775203129 0 0 0 0 0 0 0 0 2.8628204012577442e-24 3.8774091213423172e-26 0 0 
0.30777538209719352 0 0 0 0 0 0 0 0 3.3604212384966749e-24 1.2116903504194741e-26 0 0 
0.30798541157500653 0 0 0 0 0 0 0 0 3.3927329811745276e-25 -1.6155871338926322e-27 0 0 
0.30819799428392974 0 0 0 0 0 0 0 0 3.1439325625550622e-24 6.3007898221812655e-26 0 0 
0.3084131181070271 0 0 0 0 0 0 0 0 2.9306750608812348e-24 -6.9470246757383184e-26 0 0 
0.30863076914050946 0 0 0 0 0 0 0 0 -1.906392817993306e-25 -5.8968930387081074e-26 0 0 
0.30885093338319863 0 0 0 0 0 0 0 0 3.0954649485382833e-24 -6.4623485355705287e-27 0 0 
0.30907359825752045 0 0 0 0 0 0 0 0 -3.5542916945637908e-26 -7.8355975993792661e-26 0 0 
0.30929875098144011 0 0 0 0 0 0 0 0 -3.9420326066980225e-25 -1.3490152568003479e-25 0 0 
0.30952637709782327 0 0 0 0 0 0 0 0 5.2183464424732019e-24 -3.2311742677852644e-27 0 0 
0.30975646204835283 0 0 0 0 0 0 0 0 -3.2957977531409696e-25 8.885729236409477e-27 0 0 
0.30998899260014878 0 0 0 0 0 0 0 0 5.5576197405906547e-25 3.2311742677852644e-27 0 0 
0.3102239553256797 0 0 0 0 0 0 0 0 4.8338367046067555e-24 -4.4428646182047385e-26 0 0 
0.31046133522072034 0 0 0 0 0 0 0 0 -6.7854659623490551e-25 5.2506581851510546e-26 0 0 
0.31070111717734966 0 0 0 0 0 0 0 0 3.2311742677852644e-24 -4.9275407583725281e-26 0 0 
0.31094328732742715 0 0 0 0 0 0 0 0 3.2053248736429822e-24 -6.5431278922651603e-26 0 0 
0.31118783161709973 0 0 0 0 0 0 0 0 2.7303422562785484e-24 -1.4378725491644426e-25 0 0 
0.31143473450301623 0 0 0 0 0 0 0 0 -5.7514901966577706e-25 -8.4818324529363189e-26 0 0 
0.31168398033666844 0 0 0 0 0 0 0 0 -5.4283727698792441e-25 -7.9971563127685293e-26 0 0 
0.31193555463426204 0 0 0 0 0 0 0 0 -2.7788098702953273e-25 -8.9665085931041086e-26 0 0 
0.31218944273455362 0 0 0 0 0 0 0 0 5.0374006834772271e-24 -5.0890994717617914e-26 0 0 
0.31244562856450336 0 0 0 0 0 0 0 0 3.4508941179946623e-24 -1.454028420503369e-26 0 0 
0.31270409594532783 0 0 0 0 0 0 0 0 3.7352374535597656e-24 5.7353343253188442e-26 0 0 
0.31296482979693069 0 0 0 0 0 0 0 0 -1.2601579644362531e-25 -8.6433911663255821e-26 0 0 
0.31322781486950368 0 0 0 0 0 0 0 0 3.2279430935174791e-24 -6.6239072489597919e-26 0 0 
0.31349303457104072 0 0 0 0 0 0 0 0 -2.4556924435168009e-25 5.3314375418456862e-26 0 0 
0.31376047220394265 0 0 0 0 0 0 0 0 3.4088888525134539e-24 2.1002632740604218e-26 0 0 
0.31403011211104542 0 0 0 0 0 0 0 0 3.3636524127644602e-24 2.4233807008389483e-26 0 0 
0.31430193847279941 0 0 0 0 0 0 0 0 4.326542344564469e-24 -5.4929962552349494e-26 0 0 
0.31457593419009189 0 0 0 0 0 0 0 0 4.7142832566987007e-24 -9.2088466631880034e-26 0 0 
0.31485208205899384 0 0 0 0 0 0 0 0 3.8483285529322498e-24 -5.0890994717617914e-26 0 0 
0.31513036586449461 0 0 0 0 0 0 0 0 3.3022601016765402e-24 -2.7464981276174747e-26 0 0 
0.31541076923620442 0 0 0 0 0 0 0 0 3.5349046489570792e-24 -6.7854659623490551e-26 0 0 
0.31569327458077889 0 0 0 0 0 0 0 0 4.8629172730168229e-24 5.0083201150671598e-26 0 0 
0.31597786420137325 0 0 0 0 0 0 0 0 3.0211479403792222e-24 -1.1874565434110847e-25 0 0 
0.31626452134441668 0 0 0 0 0 0 0 0 -5.62224322594636e-25 7.5124801726007396e-26 0 0 
0.31655322910771699 0 0 0 0 0 0 0 0 -2.1002632740604218e-25 -6.4623485355705287e-26 0 0 
0.31684396941748982 0 0 0 0 0 0 0 0 5.8807371673691811e-25 -2.9888361977013695e-26 0 0 
0.31713672409823351 0 0 0 0 0 0 0 0 -6.7854659623490551e-26 -1.2116903504194741e-26 0 0 
0.3174314758772282 0 0 0 0 0 0 0 0 5.0374006834772271e-24 -4.8467614016778965e-27 0 0 
0.31772820733969809 0 0 0 0 0 0 0 0 -4.4590204895436648e-25 -3.2311742677852644e-27 0 0 
0.31802689994604366 0 0 0 0 0 0 0 0 4.5688804146483638e-24 -5.3314375418456862e-26 0 0 
0.31832753505713929 0 0 0 0 0 0 0 0 4.7982937876611176e-24 -1.001664023013432e-25 0 0 
0.31863009490069605 0 0 0 0 0 0 0 0 7.1085833891275816e-26 -1.2763138357751794e-25 0 0 
0.31893456156878719 0 0 0 0 0 0 0 0 4.4590204895436648e-24 2.7464981276174747e-26 0 0 
0.31924091607138455 0 0 0 0 0 0 0 0 1.906392817993306e-25 -8.4818324529363189e-26 0 0 
0.31954913932148515 0 0 0 0 0 0 0 0 3.7223127564886245e-24 -1.0339757656912846e-25 0 0 
0.31985921306701176 0 0 0 0 0 0 0 0 2.9759115006302285e-24 -9.289626019882635e-26 0 0 
0.3201711189265562 0 0 0 0 0 0 0 0 2.9435997579523758e-24 -2.1002632740604218e-26 0 0 
0.32048483747574891 0 0 0 0 0 0 0 0 -2.6818746422617694e-25 -4.8467614016778965e-26 0 0 
0.32080034919611577 0 0 0 0 0 0 0 0 4.8499925759456818e-24 -3.715850407953054e-26 0 0 
0.32111763537579568 0 0 0 0 0 0 0 0 3.2182495707141233e-24 -9.1280673064933718e-26 0 0 
0.32143667717982172 0 0 0 0 0 0 0 0 4.6981273853597744e-24 -2.9888361977013695e-26 0 0 
0.32175745476621653 0 0 0 0 0 0 0 0 4.5882674602550754e-24 2.5849394142282115e-26 0 0 
0.32207994820205293 0 0 0 0 0 0 0 0 5.1892658740631346e-24 -5.4929962552349494e-26 0 0 
0.32240413833593007 0 0 0 0 0 0 0 0 3.0793090771993569e-24 -9.8550815167450563e-26 0 0 
0.32273000589950696 0 0 0 0 0 0 0 0 4.8790731443557492e-24 2.7464981276174747e-26 0 0 
0.32305753065053078 0 0 0 0 0 0 0 0 3.4702811636013739e-24 -1.7771458472818954e-26 0 0 
0.32338669225920808 0 0 0 0 0 0 0 0 5.6060873546074337e-24 -8.6433911663255821e-26 0 0 
0.32371747115509103 0 0 0 0 0 0 0 0 2.6334070282449904e-24 -4.9275407583725281e-26 0 0 
0.32404984765691663 0 0 0 0 0 0 0 0 3.3281094958188223e-25 3.311953624479896e-26 0 0 
0.32438380114004395 0 0 0 0 0 0 0 0 3.4508941179946623e-24 6.4623485355705287e-27 0 0 
0.32471931089592931 0 0 0 0 0 0 0 0 4.8499925759456818e-24 1.6155871338926322e-26 0 0 
0.3250563569558238 0 0 0 0 0 0 0 0 -8.7241705230202138e-26 -5.4929962552349494e-26 0 0 
0.32539491924626252 0 0 0 0 0 0 0 0 1.6802106192483375e-25 1.9387045606711586e-26 0 0 
0.3257349767786189 0 0 0 0 0 0 0 0 1.8417693326376007e-25 -2.9080568410067379e-26 0 0 
0.32607650848420761 0 0 0 0 0 0 0 0 4.4751763608825911e-24 -3.2311742677852644e-27 0 0 
0.32641949401697845 0 0 0 0 0 0 0 0 5.5156144751094463e-24 1.1309109937248425e-26 0 0 
0.32676391293224999 0 0 0 0 0 0 0 0 1.7125223619261901e-25 2.1810426307550534e-26 0 0 
0.32710974389629088 0 0 0 0 0 0 0 0 5.0890994717617914e-24 -1.2116903504194741e-25 0 0 
0.32745696549934095 0 0 0 0 0 0 0 0 5.0374006834772271e-24 -6.8662453190436868e-26 0 0 
0.32780555703929937 0 0 0 0 0 0 0 0 -1.9710163033490113e-25 -1.2924697071141057e-26 0 0 
0.32815549772151353 0 0 0 0 0 0 0 0 3.4767435121369444e-24 -1.4701842918422953e-25 0 0 
0.32850676588647182 0 0 0 0 0 0 0 0 -3.0696155543960011e-25 1.0501316370302109e-26 0 0 
0.32885933980283194 0 0 0 0 0 0 0 0 6.4623485355705287e-26 -9.289626019882635e-26 0 0 
0.3292131984339382 0 0 0 0 0 0 0 0 5.0374006834772271e-24 2.261821987449685e-26 0 0 
0.32956832065666469 0 0 0 0 0 0 0 0 2.7723475217597568e-24 5.3314375418456862e-26 0 0 
0.32992468450545465 0 0 0 0 0 0 0 0 4.9533901525148103e-24 -6.0584517520973707e-26 0 0 
0.3302822679472715 0 0 0 0 0 0 0 0 4.9210784098369576e-24 6.3815691788758971e-26 0 0 
0.33064104963263763 0 0 0 0 0 0 0 0 1.357093192469811e-25 2.261821987449685e-26 0 0 
0.33100100813169403 0 0 0 0 0 0 0 0 2.9985297205047253e-24 1.2116903504194741e-26 0 0 
0.33136212119295427 0 0 0 0 0 0 0 0 4.8144496590000439e-24 -4.4428646182047385e-26 0 0 
0.33172436650193982 0 0 0 0 0 0 0 0 3.4315070723879507e-24 2.5849394142282115e-26 0 0 
0.33208772241831169 0 0 0 0 0 0 0 0 4.6464285970752101e-24 -1.0420537013607478e-25 0 0 
0.33245216722744925 0 0 0 0 0 0 0 0 4.9178472355691723e-24 -1.5348077771980006e-26 0 0 
0.33281767841240123 0 0 0 0 0 0 0 0 -5.0406318577450124e-25 -6.2200104654866339e-26 0 0 
0.33318423339783604 0 0 0 0 0 0 0 0 4.8273743560711849e-24 -1.3732490638087374e-26 0 0 
0.33355181027472963 0 0 0 0 0 0 0 0 4.9307719326403134e-24 -1.0905213153775267e-25 0 0 
0.3339203870658895 0 0 0 0 0 0 0 0 3.0631532058604306e-24 -4.2813059048154753e-26 0 0 
0.33428994100968523 0 0 0 0 0 0 0 0 3.6124528313839255e-24 -8.5626118096309505e-26 0 0 
0.33466044929082917 0 0 0 0 0 0 0 0 2.7788098702953273e-25 2.6657187709228431e-26 0 0 
0.33503188975399084 0 0 0 0 0 0 0 0 3.2699483589986875e-24 -2.9080568410067379e-26 0 0 
0.33540424018180082 0 0 0 0 0 0 0 0 3.0566908573248601e-24 8.885729236409477e-27 0 0 
0.33577747758902715 0 0 0 0 0 0 0 0 5.1569541313852819e-24 -1.6155871338926322e-27 0 0 
0.33615157894160369 0 0 0 0 0 0 0 0 3.3022601016765402e-24 -9.1280673064933718e-26 0 0 
0.3365265218604615 0 0 0 0 0 0 0 0 4.7821379163221912e-24 -4.7659820449832649e-26 0 0 
0.33690228391063765 0 0 0 0 0 0 0 0 4.8855354928913197e-24 4.5236439748993701e-26 0 0 
0.3372788419046418 0 0 0 0 0 0 0 0 5.1052553431007177e-24 -1.1793786077416215e-25 0 0 
0.33765617261106029 0 0 0 0 0 0 0 0 1.357093192469811e-25 -2.5849394142282115e-26 0 0 
0.33803425344982685 0 0 0 0 0 0 0 0 3.2893354046053991e-24 -5.0890994717617914e-26 0 0 
0.33841306179114261 0 0 0 0 0 0 0 0 4.8532237502134671e-24 -3.4735123378691592e-26 0 0 
0.3387925742668389 0 0 0 0 0 0 0 0 3.4702811636013739e-24 -6.3007898221812655e-26 0 0 
0.33917276746981306 0 0 0 0 0 0 0 0 4.497794580757088e-24 -4.8467614016778965e-27 0 0 
0.33955361864189998 0 0 0 0 0 0 0 0 3.5478293460282203e-24 -3.1503949110906327e-26 0 0 
0.33993510498137897 0 0 0 0 0 0 0 0 3.2053248736429822e-24 -4.9275407583725281e-26 0 0 
0.34031720296119455 0 0 0 0 0 0 0 0 -4.8467614016778965e-25 -2.6657187709228431e-26 0 0 
0.34069988902041393 0 0 0 0 0 0 0 0 3.5801410887060729e-24 9.289626019882635e-26 0 0 
0.34108314024581227 0 0 0 0 0 0 0 0 4.840299053142326e-24 4.0389678347315804e-26 0 0 
0.3414669336868012 0 0 0 0 0 0 0 0 3.4379694209235213e-24 8.885729236409477e-27 0 0 
0.34185124567941388 0 0 0 0 0 0 0 0 3.0566908573248601e-24 6.4623485355705287e-27 0 0 
0.34223605253092126 0 0 0 0 0 0 0 0 3.2699483589986875e-24 -1.1874565434110847e-25 0 0 
0.3426213311962012 0 0 0 0 0 0 0 0 3.7804738933087593e-24 3.1503949110906327e-26 0 0 
0.34300705859897329 0 0 0 0 0 0 0 0 -9.0472879497987402e-26 4.6044233315940017e-26 0 0 
0.34339321096049341 0 0 0 0 0 0 0 0 3.0954649485382833e-24 3.2311742677852644e-27 0 0 
0.34377976447841885 0 0 0 0 0 0 0 0 -5.7514901966577706e-25 1.2682359001057163e-25 0 0 
0.34416669599899785 0 0 0 0 0 0 0 0 -5.0406318577450124e-25 -3.311953624479896e-26 0 0 
0.3445539823435374 0 0 0 0 0 0 0 0 -1.7448341046040428e-25 -5.9776723954027391e-26 0 0 
0.34494159964078214 0 0 0 0 0 0 0 0 4.717514430966486e-24 -4.2005265481208437e-26 0 0 
0.34532952400108186 0 0 0 0 0 0 0 0 4.6335039000040691e-24 -1.0178198943523583e-25 0 0 
0.34571773218540963 0 0 0 0 0 0 0 0 1.5509636485369269e-25 4.1197471914262121e-26 0 0 
0.34610620093602407 0 0 0 0 0 0 0 0 -2.0679515313825692e-25 -1.4701842918422953e-25 0 0 
0.34649490631153163 0 0 0 0 0 0 0 0 4.8532237502134671e-24 7.3509214592114764e-26 0 0 
0.34688382435737786 0 0 0 0 0 0 0 0 3.0760779029315717e-24 1.2116903504194741e-26 0 0 
0.3472729317726837 0 0 0 0 0 0 0 0 3.3668835870322455e-24 2.5041600575335799e-26 0 0 
0.34766220524408964 0 0 0 0 0 0 0 0 4.4073217012591006e-24 3.1503949110906327e-26 0 0 
0.34805162078251767 0 0 0 0 0 0 0 0 4.8273743560711849e-24 -2.261821987449685e-26 0 0 
0.34844115439098466 0 0 0 0 0 0 0 0 4.4202463983302416e-24 -1.0339757656912846e-25 0 0 
0.3488307827302316 0 0 0 0 0 0 0 0 4.497794580757088e-24 -6.3815691788758971e-26 0 0 
0.34922048245475812 0 0 0 0 0 0 0 0 3.1730131309651296e-24 7.2701421025168448e-27 0 0 
0.34961022955031085 0 0 0 0 0 0 0 0 4.8079873104644734e-24 2.7464981276174747e-26 0 0 
0.34999999999999998 0 0 0 0 0 0 0 0 5.0535565548161535e-24 7.9971563127685293e-26 0 0 
0.35038977044968911 0 0 0 0 0 0 0 0 4.8726107958201786e-24 -5.9776723954027391e-26 0 0 
0.35077951754524184 0 0 0 0 0 0 0 0 4.840299053142326e-24 -2.4233807008389483e-27 0 0 
0.35116921726976835 0 0 0 0 0 0 0 0 3.0760779029315717e-24 2.9080568410067379e-26 0 0 
0.35155884560901529 0 0 0 0 0 0 0 0 -9.3704053765772666e-25 -4.8467614016778965e-27 0 0 
0.35194837921748229 0 0 0 0 0 0 0 0 4.1229783656939973e-24 8.1587150261577925e-26 0 0 
0.35233779475591032 0 0 0 0 0 0 0 0 4.950158978247025e-24 -4.5236439748993701e-26 0 0 
0.35272706822731625 0 0 0 0 0 0 0 0 3.1148519941449948e-24 1.1309109937248425e-26 0 0 
0.3531161756426221 0 0 0 0 0 0 0 0 4.5882674602550754e-24 -5.169878828456423e-26 0 0 
0.35350509368846833 0 0 0 0 0 0 0 0 -1.2278462217584005e-25 3.5542916945637908e-26 0 0 
0.35389379906397589 0 0 0 0 0 0 0 0 3.2957977531409696e-25 -7.2701421025168448e-26 0 0 
0.35428226781459032 0 0 0 0 0 0 0 0 -7.1085833891275816e-26 -1.6398209409010217e-25 0 0 
0.3546704759989181 0 0 0 0 0 0 0 0 9.0472879497987402e-26 -2.6657187709228431e-26 0 0 
0.35505840035921782 0 0 0 0 0 0 0 0 4.4525581410080943e-24 -3.0696155543960011e-26 0 0 
0.35544601765646255 0 0 0 0 0 0 0 0 4.9760083723893071e-24 4.2813059048154753e-26 0 0 
0.3558333040010021 0 0 0 0 0 0 0 0 4.5365686719705112e-24 -9.2088466631880034e-26 0 0 
0.35622023552158111 0 0 0 0 0 0 0 0 3.6189151799194961e-24 7.3509214592114764e-26 0 0 
0.35660678903950654 0 0 0 0 0 0 0 0 2.920981538077879e-24 -1.454028420503369e-26 0 0 
0.35699294140102666 0 0 0 0 0 0 0 0 3.2764107075342581e-24 -6.6239072489597919e-26 0 0 
0.35737866880379876 0 0 0 0 0 0 0 0 4.2845370790832605e-24 1.9387045606711586e-26 0 0 
0.35776394746907869 0 0 0 0 0 0 0 0 4.9824707209248776e-24 -1.0501316370302109e-26 0 0 
0.35814875432058607 0 0 0 0 0 0 0 0 -9.0472879497987402e-26 -5.9776723954027391e-26 0 0 
0.35853306631319876 0 0 0 0 0 0 0 0 2.9015944924711674e-24 -4.5236439748993701e-26 0 0 
0.35891685975418769 0 0 0 0 0 0 0 0 2.9080568410067379e-24 -1.3732490638087374e-26 0 0 
0.35930011097958603 0 0 0 0 0 0 0 0 4.7369014765731975e-24 -2.7464981276174747e-26 0 0 
0.3596827970388054 0 0 0 0 0 0 0 0 4.9760083723893071e-24 -7.2701421025168448e-26 0 0 
0.36006489501862099 0 0 0 0 0 0 0 0 4.5882674602550754e-24 8.0779356694631609e-28 0 0 
0.36044638135809998 0 0 0 0 0 0 0 0 4.6270415514684986e-24 -3.9581884780369488e-26 0 0 
0.36082723253018689 0 0 0 0 0 0 0 0 -7.7548182426846345e-25 -2.8272774843121063e-26 0 0 
0.36120742573316106 0 0 0 0 0 0 0 0 4.5365686719705112e-24 -1.1632227364026952e-25 0 0 
0.36158693820885734 0 0 0 0 0 0 0 0 4.5882674602550754e-24 3.2311742677852644e-27 0 0 
0.36196574655017311 0 0 0 0 0 0 0 0 2.7917345673664684e-24 -7.6740388859900028e-26 0 0 
0.36234382738893967 0 0 0 0 0 0 0 0 3.2376366163208349e-24 -2.5849394142282115e-26 0 0 
0.36272115809535815 0 0 0 0 0 0 0 0 5.0277071606738713e-24 1.2924697071141057e-26 0 0 
0.36309771608936231 0 0 0 0 0 0 0 0 5.060018903351724e-24 -3.9581884780369488e-26 0 0 
0.36347347813953845 0 0 0 0 0 0 0 0 2.7141863849396221e-24 -2.3426013441443167e-26 0 0 
0.36384842105839627 0 0 0 0 0 0 0 0 7.1085833891275816e-26 -5.169878828456423e-26 0 0 
0.3642225224109728 0 0 0 0 0 0 0 0 -2.6495628995839168e-25 -2.1002632740604218e-26 0 0 
0.36459575981819914 0 0 0 0 0 0 0 0 4.7498261736443386e-24 6.4623485355705287e-27 0 0 
0.36496811024600911 0 0 0 0 0 0 0 0 -3.0373038117181485e-25 1.0178198943523583e-25 0 0 
0.36533955070917079 0 0 0 0 0 0 0 0 3.2247119192496938e-24 1.7771458472818954e-26 0 0 
0.36571005899031472 0 0 0 0 0 0 0 0 3.0954649485382833e-24 -9.289626019882635e-26 0 0 
0.36607961293411045 0 0 0 0 0 0 0 0 2.8369710071154621e-24 0 0 0 
0.36644818972527032 0 0 0 0 0 0 0 0 -2.5849394142282115e-25 -2.1810426307550534e-26 0 0 
0.36681576660216392 0 0 0 0 0 0 0 0 -1.4217166778255163e-25 -9.289626019882635e-26 0 0 
0.36718232158759873 0 0 0 0 0 0 0 0 3.0114544175758664e-24 -8.8049498797148454e-26 0 0 
0.36754783277255071 0 0 0 0 0 0 0 0 -2.4556924435168009e-25 4.1197471914262121e-26 0 0 
0.36791227758168826 0 0 0 0 0 0 0 0 5.1311047372429998e-24 -7.6740388859900028e-26 0 0 
0.36827563349806014 0 0 0 0 0 0 0 0 4.1746771539785615e-24 -2.261821987449685e-26 0 0 
0.36863787880704568 0 0 0 0 0 0 0 0 4.4202463983302416e-24 -3.0696155543960011e-26 0 0 
0.36899899186830593 0 0 0 0 0 0 0 0 4.9824707209248776e-24 -8.885729236409477e-26 0 0 
0.36935895036736233 0 0 0 0 0 0 0 0 1.4863401631812216e-25 3.715850407953054e-26 0 0 
0.36971773205272845 0 0 0 0 0 0 0 0 -5.2345023138121283e-25 -6.4623485355705287e-27 0 0 
0.37007531549454531 0 0 0 0 0 0 0 0 3.2764107075342581e-24 5.6545549686242126e-26 0 0 
0.37043167934333526 0 0 0 0 0 0 0 0 3.1148519941449948e-24 -5.6545549686242126e-27 0 0 
0.37078680156606175 0 0 0 0 0 0 0 0 4.9049225384980313e-24 -9.3704053765772666e-26 0 0 
0.37114066019716802 0 0 0 0 0 0 0 0 4.950158978247025e-24 -3.311953624479896e-26 0 0 
0.37149323411352814 0 0 0 0 0 0 0 0 4.7110520824309154e-24 -3.0696155543960011e-26 0 0 
0.37184450227848642 0 0 0 0 0 0 0 0 3.2247119192496938e-24 1.2440020930973268e-25 0 0 
0.37219444296070059 0 0 0 0 0 0 0 0 3.3410341928899633e-24 -4.6852026882886333e-26 0 0 
0.37254303450065901 0 0 0 0 0 0 0 0 5.0018577665315892e-24 -2.261821987449685e-26 0 0 
0.37289025610370907 0 0 0 0 0 0 0 0 3.2764107075342581e-24 -2.9080568410067379e-26 0 0 
0.37323608706774997 0 0 0 0 0 0 0 0 2.9726803263624432e-24 -8.885729236409477e-27 0 0 
0.3735805059830215 0 0 0 0 0 0 0 0 1.5509636485369269e-25 -4.9275407583725281e-26 0 0 
0.37392349151579235 0 0 0 0 0 0 0 0 -1.4863401631812216e-25 2.4233807008389483e-26 0 0 
0.37426502322138105 0 0 0 0 0 0 0 0 3.3927329811745276e-24 -2.3426013441443167e-26 0 0 
0.37460508075373744 0 0 0 0 0 0 0 0 3.2957977531409696e-24 -5.573775611929581e-26 0 0 
0.37494364304417616 0 0 0 0 0 0 0 0 4.5624180661127933e-24 -6.7046866056544235e-26 0 0 
0.37528068910407064 0 0 0 0 0 0 0 0 3.1148519941449948e-24 -1.106677186716453e-25 0 0 
0.37561619885995601 0 0 0 0 0 0 0 0 2.9403685836845906e-24 1.3813269994782005e-25 0 0 
0.37595015234308332 0 0 0 0 0 0 0 0 4.7045897338953449e-24 -9.0472879497987402e-26 0 0 
0.37628252884490893 0 0 0 0 0 0 0 0 3.0049920690402959e-24 2.3426013441443167e-26 0 0 
0.37661330774079188 0 0 0 0 0 0 0 0 4.963083675318166e-24 -7.431700815906108e-26 0 0 
0.37694246934946918 0 0 0 0 0 0 0 0 3.4250447238523802e-24 -1.3894049351476637e-25 0 0 
0.377269994100493 0 0 0 0 0 0 0 0 3.3927329811745276e-24 2.7464981276174747e-26 0 0 
0.37759586166406989 0 0 0 0 0 0 0 0 5.5576197405906547e-25 3.8774091213423172e-26 0 0 
0.37792005179794702 0 0 0 0 0 0 0 0 3.7804738933087593e-24 8.8049498797148454e-26 0 0 
0.37824254523378342 0 0 0 0 0 0 0 0 4.8338367046067555e-24 -9.0472879497987402e-26 0 0 
0.37856332282017824 0 0 0 0 0 0 0 0 -7.1732068744832869e-25 -4.7659820449832649e-26 0 0 
0.37888236462420427 0 0 0 0 0 0 0 0 -1.2924697071141057e-25 -7.2701421025168448e-27 0 0 
0.37919965080388418 0 0 0 0 0 0 0 0 3.5672163916349318e-24 1.2682359001057163e-25 0 0 
0.37951516252425105 0 0 0 0 0 0 0 0 -2.7141863849396221e-25 1.857925203976527e-26 0 0 
0.37982888107344376 0 0 0 0 0 0 0 0 -9.6935228033557931e-26 -9.8550815167450563e-26 0 0 
0.3801407869329882 0 0 0 0 0 0 0 0 5.1763411769919935e-24 -9.6127434466611615e-26 0 0 
0.3804508606785148 0 0 0 0 0 0 0 0 4.620579202932928e-24 -1.857925203976527e-26 0 0 
0.3807590839286154 0 0 0 0 0 0 0 0 -3.4896682092080855e-25 -8.4818324529363189e-26 0 0 
0.38106543843121277 0 0 0 0 0 0 0 0 -2.261821987449685e-25 -2.0194839173657902e-26 0 0 
0.38136990509930391 0 0 0 0 0 0 0 0 2.3264454728053903e-25 -7.9971563127685293e-26 0 0 
0.38167246494286067 0 0 0 0 0 0 0 0 2.1971985020939798e-25 -5.3314375418456862e-26 0 0 
0.38197310005395629 0 0 0 0 0 0 0 0 3.3087224502121107e-24 -1.3813269994782005e-25 0 0 
0.38227179266030187 0 0 0 0 0 0 0 0 3.0954649485382833e-24 -4.8467614016778965e-26 0 0 
0.38256852412277176 0 0 0 0 0 0 0 0 5.1311047372429998e-24 -5.3314375418456862e-26 0 0 
0.38286327590176644 0 0 0 0 0 0 0 0 3.2957977531409696e-24 -8.2394943828524241e-26 0 0 
0.38315603058251013 0 0 0 0 0 0 0 0 3.153626085358418e-24 0 0 0 
0.38344677089228296 0 0 0 0 0 0 0 0 5.1504917828497114e-24 -9.1280673064933718e-26 0 0 
0.38373547865558327 0 0 0 0 0 0 0 0 -5.62224322594636e-25 -1.9710163033490113e-25 0 0 
0.38402213579862671 0 0 0 0 0 0 0 0 2.6624875966550578e-24 -1.2924697071141057e-26 0 0 
0.38430672541922106 0 0 0 0 0 0 0 0 4.8661484472846081e-24 -7.8355975993792661e-26 0 0 
0.38458923076379553 0 0 0 0 0 0 0 0 4.9113848870336018e-24 -5.169878828456423e-26 0 0 
0.38486963413550535 0 0 0 0 0 0 0 0 -2.4556924435168009e-25 -2.9080568410067379e-26 0 0 
0.38514791794100611 0 0 0 0 0 0 0 0 4.7239767795020565e-24 -6.2200104654866339e-26 0 0 
0.38542406580990807 0 0 0 0 0 0 0 0 5.0987929945651472e-24 -5.0890994717617914e-26 0 0 
0.38569806152720054 0 0 0 0 0 0 0 0 4.7950626133933323e-24 -1.0178198943523583e-25 0 0 
0.38596988788895453 0 0 0 0 0 0 0 0 5.1181800401718587e-24 -2.8272774843121063e-26 0 0 
0.3862395277960573 0 0 0 0 0 0 0 0 3.0243791146470074e-24 -1.2197682860889373e-25 0 0 
0.38650696542895924 0 0 0 0 0 0 0 0 3.4315070723879507e-24 -9.6935228033557931e-27 0 0 
0.38677218513049627 0 0 0 0 0 0 0 0 3.7610868477020477e-24 -8.9665085931041086e-26 0 0 
0.38703517020306927 0 0 0 0 0 0 0 0 4.7821379163221912e-24 -2.6899525779312326e-25 0 0 
0.38729590405467212 0 0 0 0 0 0 0 0 4.6464285970752101e-24 -4.2813059048154753e-26 0 0 
0.38755437143549659 0 0 0 0 0 0 0 0 4.7562885221799091e-24 1.2924697071141057e-26 0 0 
0.38781055726544633 0 0 0 0 0 0 0 0 0 -6.0584517520973707e-26 0 0 
0.38806444536573792 0 0 0 0 0 0 0 0 2.7788098702953273e-25 -3.0696155543960011e-26 0 0 
0.38831601966333151 0 0 0 0 0 0 0 0 3.3345718443543928e-24 -4.1197471914262121e-26 0 0 
0.38856526549698372 0 0 0 0 0 0 0 0 -3.4250447238523802e-25 4.6852026882886333e-26 0 0 
0.38881216838290023 0 0 0 0 0 0 0 0 7.7548182426846345e-26 -1.0501316370302109e-25 0 0 
0.3890567126725728 0 0 0 0 0 0 0 0 3.0890026000027127e-24 -3.715850407953054e-26 0 0 
0.38929888282265029 0 0 0 0 0 0 0 0 5.0470942062805829e-24 -1.6155871338926322e-27 0 0 
0.38953866477927962 0 0 0 0 0 0 0 0 4.9436966297114545e-24 -5.4929962552349494e-26 0 0 
0.38977604467432025 0 0 0 0 0 0 0 0 2.6431005510483462e-24 5.0890994717617914e-26 0 0 
0.39001100739985117 0 0 0 0 0 0 0 0 4.7433638251087681e-24 7.1085833891275816e-26 0 0 
0.39024353795164712 0 0 0 0 0 0 0 0 2.7529604761530452e-24 -9.6935228033557931e-27 0 0 
0.39047362290217669 0 0 0 0 0 0 0 0 1.6155871338926322e-25 -4.5236439748993701e-26 0 0 
0.39070124901855985 0 0 0 0 0 0 0 0 3.0179167661114369e-24 -7.1085833891275816e-26 0 0 
0.3909264017424795 0 0 0 0 0 0 0 0 3.4702811636013739e-24 2.4233807008389483e-26 0 0 
0.39114906661680132 0 0 0 0 0 0 0 0 5.1375670857785703e-24 -2.5849394142282115e-26 0 0 
0.39136923085949049 0 0 0 0 0 0 0 0 4.9436966297114545e-24 -2.0194839173657902e-26 0 0 
0.39158688189297286 0 0 0 0 0 0 0 0 -2.5849394142282115e-26 -7.5932595292953712e-26 0 0 
0.39180200571607021 0 0 0 0 0 0 0 0 4.620579202932928e-24 2.7464981276174747e-26 0 0 
0.39201458842499343 0 0 0 0 0 0 0 0 4.730439128037627e-24 -1.6155871338926322e-27 0 0 
0.39222461790280644 0 0 0 0 0 0 0 0 -5.8807371673691811e-25 -1.155144800733232e-25 0 0 
0.39243208224796866 0 0 0 0 0 0 0 0 3.2893354046053991e-24 -9.4511847332718982e-26 0 0 
0.39263696802225723 0 0 0 0 0 0 0 0 4.5753427631839343e-24 -2.3426013441443167e-26 0 0 
0.392839261879462 0 0 0 0 0 0 0 0 5.0794059489584356e-24 1.1309109937248425e-26 0 0 
0.39303895238801934 0 0 0 0 0 0 0 0 4.7821379163221912e-24 -3.2311742677852644e-27 0 0 
0.39323602834416266 0 0 0 0 0 0 0 0 -3.4896682092080855e-25 -4.8467614016778965e-27 0 0 
0.39343047687641336 0 0 0 0 0 0 0 0 5.0470942062805829e-24 3.3927329811745276e-26 0 0 
0.39362228519794434 0 0 0 0 0 0 0 0 3.1730131309651296e-24 5.4929962552349494e-26 0 0 
0.39381144258383904 0 0 0 0 0 0 0 0 3.5219799518859381e-24 -1.6317430052315585e-25 0 0 
0.39399793855130827 0 0 0 0 0 0 0 0 2.7077240364040515e-24 8.2394943828524241e-26 0 0 
0.39418176079697109 0 0 0 0 0 0 0 0 4.4331710954013827e-24 -1.6155871338926322e-27 0 0 
0.39436289709220584 0 0 0 0 0 0 0 0 -2.9080568410067379e-25 -7.1085833891275816e-26 0 0 
0.39454133744146763 0 0 0 0 0 0 0 0 2.9532932807557316e-24 1.1309109937248425e-26 0 0 
0.39471707210823426 0 0 0 0 0 0 0 0 3.030841463182578e-24 -3.5542916945637908e-26 0 0 
0.39489008935559078 0 0 0 0 0 0 0 0 3.1471637368228475e-24 -1.0985992510469899e-25 0 0 
0.39506037750820083 0 0 0 0 0 0 0 0 4.2909994276188311e-24 0 0 0 
0.39522792732468776 0 0 0 0 0 0 0 0 2.9080568410067379e-24 -1.6802106192483375e-25 0 0 
0.39539272984304968 0 0 0 0 0 0 0 0 4.6399662485396396e-24 -2.0033280460268639e-25 0 0 
0.39555477388746385 0 0 0 0 0 0 0 0 3.373345935567816e-24 7.2701421025168448e-26 0 0 
0.39571404832614654 0 0 0 0 0 0 0 0 4.0131184405892983e-24 3.715850407953054e-26 0 0 
0.39587054469963145 0 0 0 0 0 0 0 0 3.4896682092080855e-24 8.2394943828524241e-26 0 0 
0.39602425485291654 0 0 0 0 0 0 0 0 4.6464285970752101e-24 -5.3314375418456862e-26 0 0 
0.39617516816109011 0 0 0 0 0 0 0 0 4.9049225384980313e-24 -4.3620852615101069e-26 0 0 
0.39632327401983009 0 0 0 0 0 0 0 0 2.5849394142282115e-26 4.3620852615101069e-26 0 0 
0.39646856478352449 0 0 0 0 0 0 0 0 -1.9387045606711586e-26 6.3007898221812655e-26 0 0 
0.39661103314273227 0 0 0 0 0 0 0 0 4.6852026882886333e-24 6.1392311087920023e-26 0 0 
0.39675066900692924 0 0 0 0 0 0 0 0 3.043766160253719e-24 -8.5626118096309505e-26 0 0 
0.39688746227451183 0 0 0 0 0 0 0 0 5.1117176916362882e-24 -1.4701842918422953e-25 0 0 
0.39702140615171239 0 0 0 0 0 0 0 0 9.0472879497987402e-26 -7.7548182426846345e-26 0 0 
0.39715249422210452 0 0 0 0 0 0 0 0 4.0001937435181573e-24 -3.8774091213423172e-26 0 0 
0.39728071690440825 0 0 0 0 0 0 0 0 2.7917345673664684e-24 9.6935228033557931e-27 0 0 
0.39740606456282845 0 0 0 0 0 0 0 0 3.8774091213423172e-26 -1.2116903504194741e-25 0 0 
0.39752853130226484 0 0 0 0 0 0 0 0 3.4185823753168097e-24 5.3314375418456862e-26 0 0 
0.39764811166004566 0 0 0 0 0 0 0 0 4.6399662485396396e-24 -1.4701842918422953e-25 0 0 
0.39776479652689145 0 0 0 0 0 0 0 0 4.045430183267151e-24 -4.5236439748993701e-26 0 0 
0.39787857667814808 0 0 0 0 0 0 0 0 4.6981273853597744e-24 -1.6155871338926322e-26 0 0 
0.39798944717738705 0 0 0 0 0 0 0 0 -1.1632227364026952e-25 -1.454028420503369e-26 0 0 
0.39809740359686391 0 0 0 0 0 0 0 0 -1.7448341046040428e-25 -1.5186519058590742e-25 0 0 
0.3982024372444356 0 0 0 0 0 0 0 0 -2.8434333556510326e-25 -3.2311742677852644e-27 0 0 
0.3983045392248814 0 0 0 0 0 0 0 0 3.3604212384966749e-24 -2.1487308880772008e-25 0 0 
0.39840370564067612 0 0 0 0 0 0 0 0 5.0018577665315892e-24 -1.1309109937248425e-26 0 0 
0.39849993321278865 0 0 0 0 0 0 0 0 5.0277071606738713e-24 2.4233807008389483e-26 0 0 
0.39859321358459887 0 0 0 0 0 0 0 0 4.7756755677866207e-24 4.6852026882886333e-26 0 0 
0.39868353806532686 0 0 0 0 0 0 0 0 4.3362358673678248e-24 8.0779356694631609e-26 0 0 
0.39877090390875702 0 0 0 0 0 0 0 0 2.5849394142282115e-24 1.6155871338926322e-27 0 0 
0.39885530915295808 0 0 0 0 0 0 0 0 -3.6189151799194961e-25 6.4623485355705287e-27 0 0 
0.39893674565259918 0 0 0 0 0 0 0 0 -6.4623485355705287e-27 -3.0696155543960011e-26 0 0 
0.3990152047227491 0 0 0 0 0 0 0 0 2.358757215483243e-24 -2.2133543734329061e-25 0 0 
0.39909068493447819 0 0 0 0 0 0 0 0 1.2924697071141057e-25 -5.8161136820134758e-26 0 0 
0.39916318590857791 0 0 0 0 0 0 0 0 2.7723475217597568e-24 -1.7771458472818954e-26 0 0 
0.3992326995148483 0 0 0 0 0 0 0 0 2.9274438866134495e-24 -5.4929962552349494e-26 0 0 
0.39929921674067714 0 0 0 0 0 0 0 0 2.81112161297318e-24 -3.0696155543960011e-26 0 0 
0.39936273773490499 0 0 0 0 0 0 0 0 -7.1085833891275816e-26 -8.2394943828524241e-26 0 0 
0.3994232641545456 0 0 0 0 0 0 0 0 4.0906666230161447e-24 -1.0662875083691372e-25 0 0 
0.39948078755823418 0 0 0 0 0 0 0 0 4.4848698836859469e-24 -1.5509636485369269e-25 0 0 
0.39953529799929316 0 0 0 0 0 0 0 0 3.1665507824295591e-25 6.3007898221812655e-26 0 0 
0.39958679764427341 0 0 0 0 0 0 0 0 3.4896682092080855e-25 -2.4233807008389483e-26 0 0 
0.39963529104556944 0 0 0 0 0 0 0 0 4.8273743560711849e-24 -1.2924697071141057e-25 0 0 
0.39968076886794096 0 0 0 0 0 0 0 0 2.6560252481194873e-24 1.454028420503369e-26 0 0 
0.39972321899343655 0 0 0 0 0 0 0 0 6.4623485355705287e-26 5.4929962552349494e-26 0 0 
0.39976264641987103 0 0 0 0 0 0 0 0 3.7093880594174835e-24 -1.7771458472818954e-26 0 0 
0.39979906048114577 0 0 0 0 0 0 0 0 3.3927329811745276e-24 -4.3620852615101069e-26 0 0 
0.39983244980743293 0 0 0 0 0 0 0 0 3.5736787401705024e-24 1.0501316370302109e-25 0 0 
0.39986279709770883 0 0 0 0 0 0 0 0 3.1083896456094243e-24 -2.5849394142282115e-26 0 0 
0.39989011185547924 0 0 0 0 0 0 0 0 -5.4283727698792441e-25 -7.7548182426846345e-26 0 0 
0.39991441340955985 0 0 0 0 0 0 0 0 4.4202463983302416e-24 -2.7464981276174747e-26 0 0 
0.39993568592556789 0 0 0 0 0 0 0 0 6.0035217895450212e-24 -3.3927329811745276e-26 0 0 
0.39995389704778628 0 0 0 0 0 0 0 0 3.0049920690402959e-24 -7.2701421025168448e-26 0 0 
0.39996906436632579 0 0 0 0 0 0 0 0 4.6528909456107807e-24 1.454028420503369e-26 0 0 
0.39998123915905026 0 0 0 0 0 0 0 0 5.060018903351724e-24 7.1085833891275816e-26 0 0 
0.3999903989246073 0 0 0 0 0 0 0 0 -4.3943970041879595e-25 -4.5236439748993701e-26 0 0 
0.39999643917181321 0 0 0 0 0 0 0 0 2.9468309322201611e-24 2.4233807008389483e-26 0 0 
0.39999940921925187 0 0 0 0 0 0 0 0 4.2328382907986963e-24 -7.2701421025168448e-26 0 0 
0.40014470978720729 0 0 0 0 0 0 0 0 -1.1632227364026952e-25 8.2394943828524241e-26 0 0 
0.40087200732087713 0 0 0 0 0 0 0 0 4.9566213267825955e-24 1.2763138357751794e-25 0 0 
0.4023504857678486 0 0 0 0 0 0 0 0 -8.4656765815973926e-25 5.169878828456423e-26 0 0 
0.40459099165059786 0 0 0 0 0 0 0 0 5.0277071606738713e-24 -1.1632227364026952e-25 0 0 
0.40756595103244253 0 0 0 0 0 0 0 0 1.0985992510469899e-25 9.5319640899665298e-26 0 0 
0.41126720661127747 0 0 0 0 0 0 0 0 3.3539588899611044e-24 3.3927329811745276e-26 0 0 
0.41570415041144115 0 0 0 0 0 0 0 0 3.5542916945637908e-24 1.2924697071141057e-26 0 0 
0.42087730558454084 0 0 0 0 0 0 0 0 -3.8774091213423172e-25 -1.1309109937248425e-26 0 0 
0.42677418997626637 0 0 0 0 0 0 0 0 4.9372342811758839e-24 -7.9163769560738977e-26 0 0 
0.4333857211088733 0 0 0 0 0 0 0 0 4.2328382907986963e-24 -5.6545549686242126e-26 0 0 
0.440710961269694 0 0 0 0 0 0 0 0 1.3829425866120931e-24 1.1309109937248425e-25 0 0 
0.44874596479763007 0 0 0 0 0 0 0 0 1.9968656974912934e-24 -6.4623485355705287e-26 0 0 
0.45747943583370998 0 0 0 0 0 0 0 0 2.7529604761530452e-24 -4.5236439748993701e-26 0 0 
0.46690091015217572 0 0 0 0 0 0 0 0 6.4429614899638171e-24 2.5849394142282115e-26 0 0 
0.47700458595107653 0 0 0 0 0 0 0 0 6.6432942945665035e-24 -3.715850407953054e-26 0 0 
0.48778302557637798 0 0 0 0 0 0 0 0 2.1067256225959924e-24 -2.1002632740604218e-26 0 0 
0.49922381399572691 0 0 0 0 0 0 0 0 2.2812090330563966e-24 -5.6545549686242126e-26 0 0 
0.51131463105416608 0 0 0 0 0 0 0 0 2.9791426748980137e-24 -1.4217166778255163e-25 0 0 
0.52404621629588921 0 0 0 0 0 0 0 0 -2.6495628995839168e-25 -1.6155871338926322e-25 0 0 
0.53740818894154807 0 0 0 0 0 0 0 0 3.2311742677852644e-24 -1.6478988765704848e-25 0 0 
0.55138642625179612 0 0 0 0 0 0 0 0 3.4379694209235213e-24 -2.261821987449685e-26 0 0 
0.56596663032049499 0 0 0 0 0 0 0 0 2.93390623514902e-24 -4.3620852615101069e-26 0 0 
0.58113671008641465 0 0 0 0 0 0 0 0 3.3151847987476812e-24 -1.5186519058590742e-25 0 0 
0.59688371641169957 0 0 0 0 0 0 0 0 4.058354880338292e-24 -1.6802106192483375e-25 0 0 
0.61319169983749811 0 0 0 0 0 0 0 0 3.3151847987476812e-24 -1.906392817993306e-25 0 0 
0.63004443393837062 0 0 0 0 0 0 0 0 3.0373038117181485e-24 -2.4556924435168009e-25 0 0 
0.64742740840993684 0 0 0 0 0 0 0 0 2.7400357790819042e-24 -1.6155871338926322e-25 0 0 
0.66532542305970377 0 0 0 0 0 0 0 0 3.8774091213423172e-26 -1.2924697071141057e-26 0 0 
0.68372076947809513 0 0 0 0 0 0 0 0 2.9985297205047253e-24 -2.5203159288725062e-25 0 0 
0.70259543631942134 0 0 0 0 0 0 0 0 2.1842738050228387e-24 1.40556080648659e-25 0 0 
0.72193283779604134 0 0 0 0 0 0 0 0 5.6868667113020653e-25 -2.4233807008389483e-26 0 0 
0.74171582691895677 0 0 0 0 0 0 0 0 3.8127856359866119e-24 -5.169878828456423e-26 0 0 
0.76192510001822056 0 0 0 0 0 0 0 0 1.6802106192483375e-24 -2.2295102447718324e-25 0 0 
0.78254106450705119 0 0 0 0 0 0 0 0 3.2182495707141233e-24 -6.3007898221812655e-26 0 0 
0.80354538512753948 0 0 0 0 0 0 0 0 1.809457589959748e-24 -2.3264454728053903e-25 0 0 
0.82491927657116704 0 0 0 0 0 0 0 0 -1.809457589959748e-25 1.2924697071141057e-25 0 0 
0.84664206205542669 0 0 0 0 0 0 0 0 2.5461653230147883e-24 -8.7241705230202138e-26 0 0 
0.86869281341895688 0 0 0 0 0 0 0 0 2.8692827497933147e-24 -1.7125223619261901e-25 0 0 
0.89105177255089651 0 0 0 0 0 0 0 0 3.1148519941449948e-24 -6.4623485355705287e-26 0 0 
0.91369883464927226 0 0 0 0 0 0 0 0 2.2747466845208261e-24 9.6935228033557931e-27 0 0 
0.93661221128141126 0 0 0 0 0 0 0 0 3.4508941179946623e-24 2.9403685836845906e-25 0 0 
0.95976991493173436 0 0 0 0 0 0 0 0 2.5461653230147883e-24 -1.001664023013432e-25 0 0 
0.98315109814083901 0 0 0 0 0 0 0 0 -7.4963243012618133e-25 2.1648867594161271e-25 0 0 
1.0067346668417609 0 0 0 0 0 0 0 0 2.9080568410067379e-24 -5.8161136820134758e-26 0 0 
1.0304980098091647 0 0 0 0 0 0 0 0 2.8692827497933147e-24 -2.3910689581610956e-25 0 0 
1.0544183784343379 0 0 0 0 0 0 0 0 6.4623485355705287e-24 -2.4556924435168009e-25 0 0 
1.0784741772834623 0 0 0 0 0 0 0 0 2.0421021372402871e-24 -6.7854659623490551e-26 0 0 
1.1026436631848888 0 0 0 0 0 0 0 0 3.4121200267812392e-24 -6.1392311087920023e-26 0 0 
1.1269037095793317 0 0 0 0 0 0 0 0 2.2359725933074029e-24 -6.1069193661141496e-25 0 0 
1.1512311198795371 0 0 0 0 0 0 0 0 3.6576892711329192e-24 -2.6172511569060641e-25 0 0 
1.175603898342388 0 0 0 0 0 0 0 0 2.7658851732241863e-24 -1.8740810753154533e-25 0 0 
1.2 0 0 0 0 0 0 0 0 5.0794059489584356e-24 -1.7448341046040428e-25 0 0 
1.2243961016576119 0 0 0 0 0 0 0 0 -2.1971985020939798e-25 2.2941337301275377e-25 0 0 
1.2487688801204628 0 0 0 0 0 0 0 0 1.124448645189272e-24 5.8161136820134758e-26 0 0 
1.2730962904206682 0 0 0 0 0 0 0 0 5.3249751933101157e-24 1.9387045606711586e-26 0 0 
1.2973563368151111 0 0 0 0 0 0 0 0 2.8175839615087505e-24 -5.525307997912802e-25 0 0 
1.3215258227165376 0 0 0 0 0 0 0 0 1.6414365280349143e-24 1.9387045606711586e-26 0 0 
1.345581621565662 0 0 0 0 0 0 0 0 4.1876018510497026e-24 -2.1971985020939798e-25 0 0 
1.3695019901908352 0 0 0 0 0 0 0 0 3.7481621506309067e-24 -3.0049920690402959e-25 0 0 
1.393265333158239 0 0 0 0 0 0 0 0 3.4638188150658034e-24 -9.6935228033557931e-27 0 0 
1.416848901859161 0 0 0 0 0 0 0 0 3.2570236619275465e-24 -2.9726803263624432e-25 0 0 
1.4402300850682654 0 0 0 0 0 0 0 0 1.6543612251060553e-24 -1.2924697071141057e-25 0 0 
1.4633877887185887 0 0 0 0 0 0 0 0 1.9904033489557228e-24 -2.0679515313825692e-25 0 0 
1.4863011653507276 0 0 0 0 0 0 0 0 1.6026624368214911e-24 -5.8161136820134758e-26 0 0 
1.5089482274491033 0 0 0 0 0 0 0 0 4.2651500334765489e-24 1.2601579644362531e-25 0 0 
1.531307186581043 0 0 0 0 0 0 0 0 3.7223127564886245e-24 -1.5509636485369269e-25 0 0 
1.5533579379445732 0 0 0 0 0 0 0 0 -1.1890721305449773e-24 -1.7771458472818954e-25 0 0 
1.5750807234288329 0 0 0 0 0 0 0 0 4.9113848870336018e-24 -2.1325750167382745e-25 0 0 
1.5964546148724605 0 0 0 0 0 0 0 0 2.7400357790819042e-24 1.4217166778255163e-25 0 0 
1.6174589354929487 0 0 0 0 0 0 0 0 3.2053248736429822e-24 -1.3894049351476637e-25 0 0 
1.6380748999817794 0 0 0 0 0 0 0 0 5.1957282225987051e-24 -1.4863401631812216e-25 0 0 
1.6582841730810431 0 0 0 0 0 0 0 0 3.153626085358418e-24 -2.0033280460268639e-25 0 0 
1.6780671622039587 0 0 0 0 0 0 0 0 -9.0472879497987402e-25 -2.3264454728053903e-25 0 0 
1.6974045636805786 0 0 0 0 0 0 0 0 -1.5509636485369269e-24 -1.9387045606711586e-25 0 0 
1.7162792305219048 0 0 0 0 0 0 0 0 3.2053248736429822e-24 -5.8161136820134758e-26 0 0 
1.734674576940296 0 0 0 0 0 0 0 0 1.6026624368214911e-24 -1.809457589959748e-25 0 0 
1.752572591590063 0 0 0 0 0 0 0 0 1.6802106192483375e-24 6.4623485355705287e-26 0 0 
1.7699555660616293 0 0 0 0 0 0 0 0 4.497794580757088e-24 -6.4623485355705287e-27 0 0 
1.7868083001625017 0 0 0 0 0 0 0 0 1.5509636485369269e-24 -6.4623485355705287e-26 0 0 
1.8031162835883003 0 0 0 0 0 0 0 0 1.5509636485369269e-24 5.169878828456423e-26 0 0 
1.8188632899135853 0 0 0 0 0 0 0 0 5.4800715581638083e-24 2.5849394142282115e-26 0 0 
1.834033369679505 0 0 0 0 0 0 0 0 2.5849394142282115e-24 2.8434333556510326e-25 0 0 
1.8486135737482039 0 0 0 0 0 0 0 0 5.2215776167409872e-24 -6.8500894477047604e-25 0 0 
1.8625918110584518 0 0 0 0 0 0 0 0 1.9128551665288765e-24 -3.3604212384966749e-25 0 0 
1.8759537837041107 0 0 0 0 0 0 0 0 -5.169878828456423e-25 -1.9387045606711586e-25 0 0 
1.8886853689458338 0 0 0 0 0 0 0 0 -1.4992648602523627e-24 -7.7548182426846345e-26 0 0 
1.9007761860042729 0 0 0 0 0 0 0 0 6.979336418416171e-25 -2.6495628995839168e-25 0 0 
1.9122169744236219 0 0 0 0 0 0 0 0 3.4121200267812392e-24 -1.9387045606711586e-25 0 0 
1.9229954140489234 0 0 0 0 0 0 0 0 2.8951321439355969e-24 -4.1359030627651384e-25 0 0 
1.9330990898478242 0 0 0 0 0 0 0 0 -1.7836081958174659e-24 -4.2651500334765489e-25 0 0 
1.9425205641662899 0 0 0 0 0 0 0 0 2.1971985020939798e-24 -4.5236439748993701e-26 0 0 
1.95125403520237 0 0 0 0 0 0 0 0 5.3508245874523978e-24 -3.8774091213423172e-26 0 0 
1.9592890387303059 0 0 0 0 0 0 0 0 2.4298430493745188e-24 -2.0033280460268639e-25 0 0 
1.9666142788911265 0 0 0 0 0 0 0 0 4.3685476100456774e-24 2.1325750167382745e-25 0 0 
1.9732258100237337 0 0 0 0 0 0 0 0 1.576813042679209e-24 -1.2924697071141057e-25 0 0 
1.9791226944154592 0 0 0 0 0 0 0 0 -2.2230478962362619e-24 -4.7821379163221912e-25 0 0 
1.9842958495885588 0 0 0 0 0 0 0 0 3.2311742677852644e-24 -1.8740810753154533e-25 0 0 
1.9887327933887224 0 0 0 0 0 0 0 0 2.5332406259436473e-24 -3.4896682092080855e-25 0 0 
1.9924340489675574 0 0 0 0 0 0 0 0 1.0598251598335667e-24 1.6802106192483375e-25 0 0 
1.995409008349402 0 0 0 0 0 0 0 0 4.8338367046067555e-24 6.4623485355705287e-26 0 0 
1.9976495142321513 0 0 0 0 0 0 0 0 4.0066560920537278e-24 -1.357093192469811e-25 0 0 
1.9991279926791228 0 0 0 0 0 0 0 0 4.3168488217611132e-24 1.1632227364026952e-25 0 0 
1.9998552902127926 0 0 0 0 0 0 0 0 2.1971985020939798e-24 -3.0373038117181485e-25 0 0 
2.0052457297862674 0 0 0 0 0 0 0 0 2.0679515313825692e-25 -3.6835386652752014e-25 0 0 
2.0316102653817971 0 0 0 0 0 0 0 0 2.6883369907973399e-24 -1.9387045606711586e-25 0 0 
2.0852051090845158 0 0 0 0 0 0 0 0 1.6026624368214911e-24 -4.0066560920537278e-25 0 0 
2.166423447334175 0 0 0 0 0 0 0 0 2.3781442610899546e-24 -5.5576197405906547e-25 0 0 
2.2742657249260461 0 0 0 0 0 0 0 0 -2.4039936552322367e-24 -3.8774091213423172e-26 0 0 
2.4084362396588119 0 0 0 0 0 0 0 0 1.8870057723865944e-24 -3.7481621506309067e-25 0 0 
2.5692754524147468 0 0 0 0 0 0 0 0 -1.2149215246872594e-24 -2.8434333556510326e-25 0 0 
2.7568023274396083 0 0 0 0 0 0 0 0 -3.153626085358418e-24 2.5849394142282115e-26 0 0 
2.9705643866396585 0 0 0 0 0 0 0 0 -1.1115239481181309e-24 -6.2684780795034128e-25 0 0 
3.2102323901966621 0 0 0 0 0 0 0 0 5.5834691347329368e-24 6.4623485355705287e-26 0 0 
3.4757723460264138 0 0 0 0 0 0 0 0 1.4475660719677984e-24 -1.2924697071141057e-26 0 0 
3.7670412239140916 0 0 0 0 0 0 0 0 2.6883369907973399e-24 -5.4929962552349494e-25 0 0 
4.0836295489719916 0 0 0 0 0 0 0 0 6.7208424769933499e-25 -7.884065213396045e-25 0 0 
4.4251579930163736 0 0 0 0 0 0 0 0 -1.6543612251060553e-24 -4.3943970041879595e-25 0 0 
4.7914162407265266 0 0 0 0 0 0 0 0 -3.5155176033503676e-24 -6.0099841380805917e-25 0 0 
5.1821346771437078 0 0 0 0 0 0 0 0 -1.3958672836832342e-24 -2.5849394142282115e-25 0 0 
5.596863257345106 0 0 0 0 0 0 0 0 -2.2230478962362619e-24 -5.3637492845235388e-25 0 0 
6.0351553757135221 0 0 0 0 0 0 0 0 -2.4298430493745188e-24 -1.1632227364026952e-25 0 0 
6.4966753407259858 0 0 0 0 0 0 0 0 -3.4638188150658034e-24 -1.2278462217584005e-25 0 0 
6.9810468491311184 0 0 0 0 0 0 0 0 -1.0339757656912846e-24 -1.357093192469811e-25 0 0 
7.4877579516276107 0 0 0 0 0 0 0 0 -1.7060600133906196e-24 -2.9726803263624432e-25 0 0 
8.0162903491179449 0 0 0 0 0 0 0 0 -2.4556924435168009e-24 -2.8434333556510326e-25 0 0 
8.5662057406325331 0 0 0 0 0 0 0 0 -1.3183191012563879e-24 -1.5509636485369269e-25 0 0 
9.1370347199241095 0 0 0 0 0 0 0 0 -1.4992648602523627e-24 -6.4623485355705287e-27 0 0 
9.7281991191093056 0 0 0 0 0 0 0 0 -1.2924697071141057e-24 -1.5509636485369269e-25 0 0 
10.339110730265936 0 0 0 0 0 0 0 0 -6.979336418416171e-25 -8.0779356694631609e-26 0 0 
10.969243554860213 0 0 0 0 0 0 0 0 -4.9113848870336018e-25 -2.9080568410067379e-26 0 0 
11.618046585914264 0 0 0 0 0 0 0 0 -4.3943970041879595e-25 1.6155871338926322e-26 0 0 
12.284877893580951 0 0 0 0 0 0 0 0 -5.5576197405906547e-25 0 0 0 
12.969084566579024 0 0 0 0 0 0 0 0 -2.7141863849396221e-25 -5.0083201150671598e-26 0 0 
13.670065370106499 0 0 0 0 0 0 0 0 -3.4250447238523802e-25 -1.454028420503369e-26 0 0 
14.387198725812187 0 0 0 0 0 0 0 0 -1.1632227364026952e-25 4.0389678347315804e-26 0 0 
15.119784875660498 0 0 0 0 0 0 0 0 3.2311742677852644e-26 2.8272774843121063e-26 0 0 
15.86711358838061 0 0 0 0 0 0 0 0 -2.0033280460268639e-25 8.885729236409477e-27 0 0 
16.628520210873308 0 0 0 0 0 0 0 0 -6.4623485355705287e-27 8.0779356694631609e-28 0 0 
17.403323775704809 0 0 0 0 0 0 0 0 -3.8774091213423172e-26 1.1309109937248425e-26 0 0 
18.190774749509224 0 0 0 0 0 0 0 0 1.1309109937248425e-26 6.8662453190436868e-27 0 0 
18.990114486437186 0 0 0 0 0 0 0 0 5.4929962552349494e-26 1.1914955112458162e-26 0 0 
19.800626754970001 0 0 0 0 0 0 0 0 -6.3007898221812655e-26 1.0097419586828951e-27 0 0 
20.621582756036126 0 0 0 0 0 0 0 0 -4.8467614016778965e-27 3.2311742677852644e-27 0 0 
21.452192658951162 0 0 0 0 0 0 0 0 7.2701421025168448e-27 6.5128356335046735e-27 0 0 
22.291659416275373 0 0 0 0 0 0 0 0 2.0194839173657902e-28 2.3224065049706588e-27 0 0 
23.139227307605417 0 0 0 0 0 0 0 0 -7.7750130818582924e-27 2.1709452111682245e-27 0 0 
23.994131673013836 0 0 0 0 0 0 0 0 1.1107161545511846e-27 1.1485814780017932e-27 0 0 
24.855552855582225 0 0 0 0 0 0 0 0 -2.3728936029048035e-27 4.7962743037437518e-28 0 0 
25.722666218244751 0 0 0 0 0 0 0 0 5.3011452830851993e-28 6.1215606245150516e-28 0 0 
26.594688926525507 0 0 0 0 0 0 0 0 -4.543838814073028e-28 3.3763246743459305e-28 0 0 
27.470832790452228 0 0 0 0 0 0 0 0 -2.9030081312133234e-28 2.3981371518718759e-28 0 0 
28.350259472250777 0 0 0 0 0 0 0 0 2.2088105346188331e-28 1.1201824854138368e-28 0 0 
29.232128095633218 0 0 0 0 0 0 0 0 -4.1651855795669423e-28 2.9976714398398449e-29 0 0 
30.115641314911567 0 0 0 0 0 0 0 0 6.3108872417680944e-30 -1.4593926746588718e-29 0 0 
31 0 0 0 0 0 0 0 0 2.5243548967072378e-29 2.1693674893577825e-29 0 0 
31.884358685088433 0 0 0 0 0 0 0 0 -4.8909376123702732e-29 2.406025760924086e-29 0 0 
32.767871904366785 0 0 0 0 0 0 0 0 -2.6426840324903895e-29 5.0289882707839503e-30 0 0 
33.649740527749223 0 0 0 0 0 0 0 0 8.283039504820624e-30 5.0782920773602635e-30 0 0 
34.529167209547772 0 0 0 0 0 0 0 0 -1.7749370367472766e-29 1.1339875512552045e-30 0 0 
35.405311073474493 0 0 0 0 0 0 0 0 -9.7621537021100211e-30 3.2047474274603605e-31 0 0 
36.277333781755246 0 0 0 0 0 0 0 0 -2.7610131682735413e-30 9.121204216617949e-31 0 0 
37.144447144417775 0 0 0 0 0 0 0 0 -3.106139814307734e-30 6.7176436460226787e-31 0 0 
38.00586832698616 0 0 0 0 0 0 0 0 -3.5252221702063965e-30 3.6977854932234928e-32 0 0 
38.860772692394583 0 0 0 0 0 0 0 0 -7.3955709864469857e-32 1.5253365159546908e-31 0 0 
39.708340583724627 0 0 0 0 0 0 0 0 -4.8687508994109322e-31 8.8592777441812849e-32 0 0 
40.547807341048838 0 0 0 0 0 0 0 0 -2.8965986363584027e-31 5.3540852453965157e-32 0 0 
41.378417243963874 0 0 0 0 0 0 0 0 -1.1940765655200862e-31 2.1955601366014489e-32 0 0 
42.199373245030003 0 0 0 0 0 0 0 0 -7.2800151897837515e-32 2.0029671421627253e-32 0 0 
43.009885513562814 0 0 0 0 0 0 0 0 -4.2370458776519189e-32 1.6274108030072143e-32 0 0 
43.809225250490776 0 0 0 0 0 0 0 0 -1.4251881588465545e-32 8.811129495571604e-33 0 0 
44.596676224295194 0 0 0 0 0 0 0 0 -3.6592668943357481e-33 6.1268646355818941e-33 0 0 
45.371479789126695 0 0 0 0 0 0 0 0 -5.103714352626175e-33 1.5166698312049482e-33 0 0 
46.132886411619388 0 0 0 0 0 0 0 0 -1.5166698312049482e-33 4.4236203410144323e-34 0 0 
46.8802151243395 0 0 0 0 0 0 0 0 -9.3889084788877748e-34 5.4467706239701514e-34 0 0 
47.612801274187817 0 0 0 0 0 0 0 0 -3.6111186457260672e-35 2.6105378543061361e-34 0 0 
48.329934629893501 0 0 0 0 0 0 0 0 -1.1811367237062345e-34 2.2832802270372113e-34 0 0 
49.030915433420972 0 0 0 0 0 0 0 0 3.3666158207550314e-35 2.6801271198748155e-35 0 0 
49.715122106419045 0 0 0 0 0 0 0 0 2.9904576284918994e-35 7.551375709682375e-35 0 0 
50.381953414085736 0 0 0 0 0 0 0 0 5.9621073473706422e-35 2.8870141256195381e-35 0 0 
51.030756445139787 0 0 0 0 0 0 0 0 8.2190565009494343e-35 9.9681920949729981e-36 0 0 
51.660889269734064 0 0 0 0 0 0 0 0 4.796016951354933e-35 2.0218502834143345e-36 0 0 
52.271800880890694 0 0 0 0 0 0 0 0 4.6831694936759934e-35 8.4635593259204701e-37 0 0 
52.86296528007589 0 0 0 0 0 0 0 0 3.2725762726892484e-35 2.539067797776141e-36 0 0 
53.433794259367467 0 0 0 0 0 0 0 0 8.7456779701178191e-36 1.8337711872827685e-36 0 0 
53.983709650882055 0 0 0 0 0 0 0 0 1.5892683623117327e-35 -2.2334392665623463e-37 0 0 
54.512242048372386 0 0 0 0 0 0 0 0 1.0438389835301913e-35 -7.052966104933725e-38 0 0 
55.018953150868882 0 0 0 0 0 0 0 0 6.6532980256541473e-36 -2.1158898314801175e-37 0 0 
55.503324659274014 0 0 0 0 0 0 0 0 2.82118644197349e-36 -8.2284604557560126e-38 0 0 
55.964844624286478 0 0 0 0 0 0 0 0 3.7028072050902057e-36 -1.2636564271339591e-37 0 0 
56.403136742654894 0 0 0 0 0 0 0 0 2.9740007075803874e-36 -1.2048817095928447e-37 0 0 
56.817865322856292 0 0 0 0 0 0 0 0 3.1503248602037305e-36 -7.3468396926392969e-38 0 0 
57.208583759273473 0 0 0 0 0 0 0 0 -1.7632415262334313e-38 -5.2897245787002938e-38 0 0 
57.57484200698363 0 0 0 0 0 0 0 0 1.1225971050352846e-36 -1.3958995416014664e-38 0 0 
57.916370451028008 0 0 0 0 0 0 0 0 1.2812888423962934e-36 -1.6897731293070383e-38 0 0 
58.232958776085908 0 0 0 0 0 0 0 0 1.2166366531010676e-36 -5.0693193879211149e-38 0 0 
58.524227653973583 0 0 0 0 0 0 0 0 5.5835981664058657e-37 -3.1224068693717012e-38 0 0 
58.789767609803334 0 0 0 0 0 0 0 0 7.8170374329682119e-37 -3.3795462586140766e-38 0 0 
59.029435613360342 0 0 0 0 0 0 0 0 3.1297537090643405e-37 -2.1305835108653961e-38 0 0 
59.243197672560392 0 0 0 0 0 0 0 0 8.8162076311671563e-39 -2.4611912970341645e-38 0 0 
59.430724547585257 0 0 0 0 0 0 0 0 1.4987552972984166e-37 -1.8367099231598242e-38 0 0 
59.591563760341188 0 0 0 0 0 0 0 0 3.7909692814018772e-37 -1.2305956485170822e-38 0 0 
59.725734275073954 0 0 0 0 0 0 0 0 2.7330243656618185e-37 -1.5612034346858506e-38 0 0 
59.833576552665825 0 0 0 0 0 0 0 0 1.6309984117659239e-37 -1.9836467170126102e-38 0 0 
59.914794890915488 0 0 0 0 0 0 0 0 2.2701734650255427e-37 -1.0652917554326981e-38 0 0 
59.968389734618199 0 0 0 0 0 0 0 0 1.1461069920517303e-37 -1.212228549285484e-38 0 0 
59.994754270213733 0 0 0 0 0 0 0 0 1.5722236942248095e-37 -1.3224311446750734e-38 0 0 
