Angular Momentum Spectrum, a: 1nm    v: 0.5c   b: 1.5nm    Lmax: 5 

         w(au)                   dLEdwx                 dLHdwx                 dLEdwz                dLHdwz                  dLEsdwx                dLHsdwx                dLEsdwz                dLHsdwz              dLEedwx                dLHedwx                dLEedwz                dLHedwz
2.7133085101382903e-05 0 0 0 0 0 0 0 0 4.9245256835394932e-10 9.0506927334228578e-11 0 0 
0.00016350137266446518 0 0 0 0 0 0 0 0 2.9674721679434634e-09 5.4538606866514254e-10 0 0 
0.00044071608147164265 0 0 0 0 0 0 0 0 7.9987895633312043e-09 1.4700817767075052e-09 0 0 
0.00086081093448711621 0 0 0 0 0 0 0 0 1.5623326585941644e-08 2.8713772006905854e-09 0 0 
0.0014186158185829911 0 0 0 0 0 0 0 0 2.5747277719214863e-08 4.7320246830121035e-09 0 0 
0.0021126012396145422 0 0 0 0 0 0 0 0 3.8342944993510471e-08 7.0469183602455043e-09 0 0 
0.0029445282021452468 0 0 0 0 0 0 0 0 5.3442400449982334e-08 9.8219251162256022e-09 0 0 
0.003914494797101431 0 0 0 0 0 0 0 0 7.1047602085595261e-08 1.3057360379053351e-08 0 0 
0.0050201606205499683 0 0 0 0 0 0 0 0 9.1116333987844032e-08 1.6745399825807278e-08 0 0 
0.0062598227079137536 0 0 0 0 0 0 0 0 1.1361805269075082e-07 2.0880338223931468e-08 0 0 
0.0076333052380676558 0 0 0 0 0 0 0 0 1.3855005848604257e-07 2.5461555429960363e-08 0 0 
0.0091398683995556618 0 0 0 0 0 0 0 0 1.6589956080961348e-07 3.0486539599476122e-08 0 0 
0.010777394218820652 0 0 0 0 0 0 0 0 1.956289142945935e-07 3.5948170257984583e-08 0 0 
0.012543920653532964 0 0 0 0 0 0 0 0 2.2770348197504679e-07 4.1839833885232749e-08 0 0 
0.014438359865826866 0 0 0 0 0 0 0 0 2.6210469659361396e-07 4.8157817819401811e-08 0 0 
0.016459317295570902 0 0 0 0 0 0 0 0 2.9880863838278361e-07 5.4897369969055813e-08 0 0 
0.018604465124198805 0 0 0 0 0 0 0 0 3.3777466554091219e-07 6.2050608408298294e-08 0 0 
0.020871493322656143 0 0 0 0 0 0 0 0 3.7896269220974698e-07 6.9609692212673529e-08 0 0 
0.02325866555547923 0 0 0 0 0 0 0 0 4.2234330095785955e-07 7.7568673751354623e-08 0 0 
0.025764035426540266 0 0 0 0 0 0 0 0 4.6788351566180444e-07 8.5920884069398e-08 0 0 
0.028384954922211783 0 0 0 0 0 0 0 0 5.1553786524807658e-07 9.4657293833094308e-08 0 0 
0.03111874318509282 0 0 0 0 0 0 0 0 5.6526053347716415e-07 1.0376874288190111e-07 0 0 
0.03396313314120275 0 0 0 0 0 0 0 0 6.1701348489847811e-07 1.1324742816042095e-07 0 0 
0.036915696827193673 0 0 0 0 0 0 0 0 6.7075601512845107e-07 1.2308498774896842e-07 0 0 
0.039973443719530891 0 0 0 0 0 0 0 0 7.2643742599553293e-07 1.3327116311378068e-07 0 0 
0.043133331363444494 0 0 0 0 0 0 0 0 7.8400630026985772e-07 1.4379550149955281e-07 0 0 
0.046392639076863182 0 0 0 0 0 0 0 0 8.4341730170146453e-07 1.5464860078762087e-07 0 0 
0.04974851682369448 0 0 0 0 0 0 0 0 9.0462294840501559e-07 1.6582060712688224e-07 0 0 
0.053197644277142853 0 0 0 0 0 0 0 0 9.6756736889250703e-07 1.7730008150095049e-07 0 0 
0.056736644309891504 0 0 0 0 0 0 0 0 1.0321938112807206e-06 1.8907537838451438e-07 0 0 
0.060362407086757761 0 0 0 0 0 0 0 0 1.0984505433869363e-06 2.0113572516179281e-07 0 0 
0.06407171754730441 0 0 0 0 0 0 0 0 1.1662840336737621e-06 2.1346998360645951e-07 0 0 
0.067860956253416371 0 0 0 0 0 0 0 0 1.2356334445741673e-06 2.2606565768647217e-07 0 0 
0.071726449595072114 0 0 0 0 0 0 0 0 1.3064369947314045e-06 2.3891006118926085e-07 0 0 
0.075664759711413662 0 0 0 0 0 0 0 0 1.3786372440279034e-06 2.5199128292071413e-07 0 0 
0.079672364357093836 0 0 0 0 0 0 0 0 1.4521752076134564e-06 2.6529712457742127e-07 0 0 
0.083745386635392521 0 0 0 0 0 0 0 0 1.5269853540110756e-06 2.7881420678639577e-07 0 0 
0.087879902516054403 0 0 0 0 0 0 0 0 1.6030011996867027e-06 2.9252899403901623e-07 0 0 
0.092072207353293106 0 0 0 0 0 0 0 0 1.6801601804257393e-06 3.0642868116444282e-07 0 0 
0.09631853149673858 0 0 0 0 0 0 0 0 1.7583983988093223e-06 3.2050025201960008e-07 0 0 
0.10061478961526461 0 0 0 0 0 0 0 0 1.8376459605762234e-06 3.347296527050025e-07 0 0 
0.1049568590497002 0 0 0 0 0 0 0 0 1.9178320532372004e-06 3.491027184319321e-07 0 0 
0.10934083090140731 0 0 0 0 0 0 0 0 1.9988895552548645e-06 3.6360600731739455e-07 0 0 
0.11376275003283018 0 0 0 0 0 0 0 0 2.0807502133648533e-06 3.7822594188716427e-07 0 0 
0.1182183768392184 0 0 0 0 0 0 0 0 2.1633401895342649e-06 3.9294802555532863e-07 0 0 
0.12270344595643837 0 0 0 0 0 0 0 0 2.2465848029091064e-06 4.0775770260788788e-07 0 0 
0.12721390824064918 0 0 0 0 0 0 0 0 2.3304129984909167e-06 4.2264115975534613e-07 0 0 
0.13174568684716667 0 0 0 0 0 0 0 0 2.4147528053364567e-06 4.3758452259035711e-07 0 0 
0.13629444554612472 0 0 0 0 0 0 0 0 2.4995269879742879e-06 4.5257309557578747e-07 0 0 
0.14085583497741319 0 0 0 0 0 0 0 0 2.584657588447697e-06 4.6759217850506519e-07 0 0 
0.14542573093919775 0 0 0 0 0 0 0 0 2.6700703596486335e-06 4.8262785316719728e-07 0 0 
0.14999999999999999 0 0 0 0 0 0 0 0 2.7556903862248832e-06 4.976662128415707e-07 0 0 
0.15457426906080224 0 0 0 0 0 0 0 0 2.8414377436563009e-06 5.1269260815206174e-07 0 0 
0.1591441650225868 0 0 0 0 0 0 0 0 2.927231952505419e-06 5.2769243891258825e-07 0 0 
0.16370555445387527 0 0 0 0 0 0 0 0 3.012996474966395e-06 5.4265194204856226e-07 0 0 
0.16825431315283332 0 0 0 0 0 0 0 0 3.0986543959786521e-06 5.5755743552881467e-07 0 0 
0.17278609175935081 0 0 0 0 0 0 0 0 3.1841239927164945e-06 5.7239455294111634e-07 0 0 
0.17729655404356162 0 0 0 0 0 0 0 0 3.269323200614841e-06 5.8714902743228562e-07 0 0 
0.18178162316078159 0 0 0 0 0 0 0 0 3.3541742740801772e-06 6.0180749744063563e-07 0 0 
0.18623724996716981 0 0 0 0 0 0 0 0 3.4385994301439031e-06 6.1635674792329296e-07 0 0 
0.19065916909859268 0 0 0 0 0 0 0 0 3.5225162212609332e-06 6.3078291545846741e-07 0 0 
0.19504314095029979 0 0 0 0 0 0 0 0 3.6058421098020775e-06 6.450722805230888e-07 0 0 
0.19938521038473539 0 0 0 0 0 0 0 0 3.688499406257834e-06 6.5921210970368137e-07 0 0 
0.20368146850326141 0 0 0 0 0 0 0 0 3.7704107734382463e-06 6.7318987696975477e-07 0 0 
0.20792779264670688 0 0 0 0 0 0 0 0 3.8514942745512063e-06 6.8699241823291063e-07 0 0 
0.21212009748394559 0 0 0 0 0 0 0 0 3.9316681593724101e-06 7.0060674933496991e-07 0 0 
0.21625461336460747 0 0 0 0 0 0 0 0 4.0108562188970403e-06 7.1402096767687853e-07 0 0 
0.22032763564290614 0 0 0 0 0 0 0 0 4.0889830342556653e-06 7.2722343456176579e-07 0 0 
0.22433524028858631 0 0 0 0 0 0 0 0 4.1659685355962319e-06 7.402018527083715e-07 0 0 
0.22827355040492786 0 0 0 0 0 0 0 0 4.2417331206850873e-06 7.5294413024432466e-07 0 0 
0.23213904374658362 0 0 0 0 0 0 0 0 4.3162036105716173e-06 7.6543937215911747e-07 0 0 
0.23592828245269559 0 0 0 0 0 0 0 0 4.3893081015411313e-06 7.776770009877106e-07 0 0 
0.23963759291324221 0 0 0 0 0 0 0 0 4.4609698090266784e-06 7.896457212759723e-07 0 0 
0.24326335569010848 0 0 0 0 0 0 0 0 4.5311126719697185e-06 8.0133445518586074e-07 0 0 
0.24680235572285714 0 0 0 0 0 0 0 0 4.5996681730632317e-06 8.1273346695743059e-07 0 0 
0.25025148317630552 0 0 0 0 0 0 0 0 4.6665696086196472e-06 8.2383339252872343e-07 0 0 
0.25360736092313679 0 0 0 0 0 0 0 0 4.7317448865362722e-06 8.3462403831973818e-07 0 0 
0.2568666686365555 0 0 0 0 0 0 0 0 4.7951228251502926e-06 8.4509542298452596e-07 0 0 
0.26002655628046911 0 0 0 0 0 0 0 0 4.8566412416700626e-06 8.5523910057737455e-07 0 0 
0.26308430317280629 0 0 0 0 0 0 0 0 4.9162403830835252e-06 8.6504705839159699e-07 0 0 
0.26603686685879724 0 0 0 0 0 0 0 0 4.9738541572460872e-06 8.7451026711561251e-07 0 0 
0.26888125681490715 0 0 0 0 0 0 0 0 5.0294174277321036e-06 8.8361987812963935e-07 0 0 
0.27161504507778822 0 0 0 0 0 0 0 0 5.0828760366976637e-06 8.9236885318246277e-07 0 0 
0.27423596457345972 0 0 0 0 0 0 0 0 5.1341790201094405e-06 9.0075067061740921e-07 0 0 
0.27674133444452076 0 0 0 0 0 0 0 0 5.1832673808478849e-06 9.0875748465003079e-07 0 0 
0.27912850667734385 0 0 0 0 0 0 0 0 5.2300828373399791e-06 9.163815526004297e-07 0 0 
0.28139553487580116 0 0 0 0 0 0 0 0 5.2745809847526141e-06 9.2361736506007849e-07 0 0 
0.28354068270442911 0 0 0 0 0 0 0 0 5.3167217160794998e-06 9.3046006835007545e-07 0 0 
0.28556164013417312 0 0 0 0 0 0 0 0 5.3564538432107255e-06 9.3690296186678472e-07 0 0 
0.287456079346467 0 0 0 0 0 0 0 0 5.393726015805628e-06 9.4293927100561398e-07 0 0 
0.28922260578117931 0 0 0 0 0 0 0 0 5.4285054739997408e-06 9.4856517210120486e-07 0 0 
0.29086013160044433 0 0 0 0 0 0 0 0 5.4607657817058187e-06 9.5377778839169872e-07 0 0 
0.29236669476193233 0 0 0 0 0 0 0 0 5.4904635732905036e-06 9.5857142890249024e-07 0 0 
0.29374017729208624 0 0 0 0 0 0 0 0 5.517552691058651e-06 9.6293987587554496e-07 0 0 
0.29497983937945005 0 0 0 0 0 0 0 0 5.5420144772122736e-06 9.6688125932804813e-07 0 0 
0.29608550520289856 0 0 0 0 0 0 0 0 5.5638417761757533e-06 9.70395459797998e-07 0 0 
0.29705547179785474 0 0 0 0 0 0 0 0 5.5829976578296163e-06 9.7347746088609732e-07 0 0 
0.29788739876038545 0 0 0 0 0 0 0 0 5.5994329522679481e-06 9.7612018012319904e-07 0 0 
0.298581384181417 0 0 0 0 0 0 0 0 5.6131470438172938e-06 9.7832423642999421e-07 0 0 
0.29913918906551284 0 0 0 0 0 0 0 0 5.6241726140777206e-06 9.80095478153979e-07 0 0 
0.29955928391852837 0 0 0 0 0 0 0 0 5.6324777324468344e-06 9.8142925383809501e-07 0 0 
0.29983649862733552 0 0 0 0 0 0 0 0 5.6379588810551311e-06 9.8230930681793693e-07 0 0 
0.29997286691489861 0 0 0 0 0 0 0 0 5.6406553933584588e-06 9.8274219973666181e-07 0 0 
0.30000059078074809 0 0 0 0 0 0 0 0 5.6412036150094973e-06 9.8283020543254068e-07 0 0 
0.30000356082818674 0 0 0 0 0 0 0 0 5.6412623461294369e-06 9.8283963340898734e-07 0 0 
0.30000960107539265 0 0 0 0 0 0 0 0 5.641381789030742e-06 9.8285880725614521e-07 0 0 
0.30001876084094969 0 0 0 0 0 0 0 0 5.6415629193814208e-06 9.8288788347774768e-07 0 0 
0.30003093563367417 0 0 0 0 0 0 0 0 5.641803671537319e-06 9.8292653030754076e-07 0 0 
0.30004610295221368 0 0 0 0 0 0 0 0 5.6421036013562032e-06 9.8297467622007207e-07 0 0 
0.30006431407443207 0 0 0 0 0 0 0 0 5.6424637238650963e-06 9.8303248386388947e-07 0 0 
0.3000855865904401 0 0 0 0 0 0 0 0 5.6428843881444466e-06 9.8310000892516431e-07 0 0 
0.30010988814452072 0 0 0 0 0 0 0 0 5.6433649558014737e-06 9.8317714852271088e-07 0 0 
0.30013720290229112 0 0 0 0 0 0 0 0 5.6439051153428445e-06 9.8326385219570096e-07 0 0 
0.30016755019256702 0 0 0 0 0 0 0 0 5.644505250842299e-06 9.8336018107538853e-07 0 0 
0.30020093951885418 0 0 0 0 0 0 0 0 5.6451655522902131e-06 9.8346616507891887e-07 0 0 
0.30023735358012893 0 0 0 0 0 0 0 0 5.6458856797996405e-06 9.8358174901596505e-07 0 0 
0.30027678100656341 0 0 0 0 0 0 0 0 5.6466654109680436e-06 9.8370689649987525e-07 0 0 
0.30031923113205899 0 0 0 0 0 0 0 0 5.6475049330362155e-06 9.8384163683596673e-07 0 0 
0.30036470895443051 0 0 0 0 0 0 0 0 5.6484043477046219e-06 9.8398598554060491e-07 0 0 
0.30041320235572655 0 0 0 0 0 0 0 0 5.6493634183765702e-06 9.8413990377939275e-07 0 0 
0.3004647020007068 0 0 0 0 0 0 0 0 5.6503819636775942e-06 9.8430336152748475e-07 0 0 
0.30051921244176577 0 0 0 0 0 0 0 0 5.6514600770944966e-06 9.8447637281498578e-07 0 0 
0.30057673584545436 0 0 0 0 0 0 0 0 5.6525978051344312e-06 9.8465894407427061e-07 0 0 
0.30063726226509496 0 0 0 0 0 0 0 0 5.6537949549202955e-06 9.8485104326790282e-07 0 0 
0.30070078325932281 0 0 0 0 0 0 0 0 5.6550513635333556e-06 9.85052643113521e-07 0 0 
0.30076730048515166 0 0 0 0 0 0 0 0 5.6563670679867271e-06 9.8526374835512588e-07 0 0 
0.30083681409142204 0 0 0 0 0 0 0 0 5.6577420756637802e-06 9.8548435892558206e-07 0 0 
0.30090931506552177 0 0 0 0 0 0 0 0 5.6591762129239965e-06 9.8571444565909913e-07 0 0 
0.30098479527725086 0 0 0 0 0 0 0 0 5.660669323762237e-06 9.8595398216818464e-07 0 0 
0.30106325434740078 0 0 0 0 0 0 0 0 5.6622214056864662e-06 9.8620296664029903e-07 0 0 
0.30114469084704187 0 0 0 0 0 0 0 0 5.6638324356347393e-06 9.8646139390771357e-07 0 0 
0.30122909609124293 0 0 0 0 0 0 0 0 5.6655022471899162e-06 9.8672923575382573e-07 0 0 
0.3013164619346731 0 0 0 0 0 0 0 0 5.6672306847854025e-06 9.8700646565279758e-07 0 0 
0.30140678641540108 0 0 0 0 0 0 0 0 5.6690177153672865e-06 9.8729307667782026e-07 0 0 
0.30150006678721131 0 0 0 0 0 0 0 0 5.6708632905542601e-06 9.8758905939021611e-07 0 0 
0.30159629435932384 0 0 0 0 0 0 0 0 5.6727672445313492e-06 9.8789438546669965e-07 0 0 
0.30169546077511855 0 0 0 0 0 0 0 0 5.6747294182649484e-06 9.882090276233677e-07 0 0 
0.30179756275556435 0 0 0 0 0 0 0 0 5.6767497533641384e-06 9.8853297466541226e-07 0 0 
0.30190259640313605 0 0 0 0 0 0 0 0 5.6788281793814676e-06 9.8886621341327935e-07 0 0 
0.30201055282261291 0 0 0 0 0 0 0 0 5.6809645271479285e-06 9.8920871480985248e-07 0 0 
0.30212142332185188 0 0 0 0 0 0 0 0 5.6831586316759192e-06 9.8956045042217977e-07 0 0 
0.3022352034731085 0 0 0 0 0 0 0 0 5.6854104125361226e-06 9.8992140532545449e-07 0 0 
0.3023518883399543 0 0 0 0 0 0 0 0 5.687719779405437e-06 9.9029156295964678e-07 0 0 
0.30247146869773511 0 0 0 0 0 0 0 0 5.690086557256497e-06 9.9067089314070602e-07 0 0 
0.3025939354371715 0 0 0 0 0 0 0 0 5.6925105735001283e-06 9.9105936603130497e-07 0 0 
0.30271928309559171 0 0 0 0 0 0 0 0 5.6949917278839872e-06 9.9145696334172063e-07 0 0 
0.30284750577789543 0 0 0 0 0 0 0 0 5.6975299117606541e-06 9.9186366539009954e-07 0 0 
0.30297859384828757 0 0 0 0 0 0 0 0 5.7001249425922784e-06 9.9227944061011844e-07 0 0 
0.30311253772548813 0 0 0 0 0 0 0 0 5.7027766390663959e-06 9.9270425759006891e-07 0 0 
0.30324933099307072 0 0 0 0 0 0 0 0 5.7054848826748945e-06 9.9313809493722012e-07 0 0 
0.30338896685726768 0 0 0 0 0 0 0 0 5.7082495475938684e-06 9.9358093004270504e-07 0 0 
0.30353143521647546 0 0 0 0 0 0 0 0 5.7110704426546891e-06 9.9403272978882396e-07 0 0 
0.30367672598016987 0 0 0 0 0 0 0 0 5.7139473770451721e-06 9.9449346107575044e-07 0 0 
0.30382483183890985 0 0 0 0 0 0 0 0 5.7168802151613303e-06 9.9496309960517399e-07 0 0 
0.30397574514708342 0 0 0 0 0 0 0 0 5.7198688148871127e-06 9.9544161999453624e-07 0 0 
0.3041294553003685 0 0 0 0 0 0 0 0 5.7229129756509508e-06 9.9592898746235556e-07 0 0 
0.30428595167385342 0 0 0 0 0 0 0 0 5.7260124966003654e-06 9.9642516714575301e-07 0 0 
0.3044452261125361 0 0 0 0 0 0 0 0 5.7291672259304057e-06 9.9693013199640961e-07 0 0 
0.30460727015695027 0 0 0 0 0 0 0 0 5.7323770059390799e-06 9.9744385398370882e-07 0 0 
0.3047720726753122 0 0 0 0 0 0 0 0 5.7356416261176162e-06 9.979662965889735e-07 0 0 
0.30493962249179912 0 0 0 0 0 0 0 0 5.7389608752006605e-06 9.9849742313898977e-07 0 0 
0.30510991064440918 0 0 0 0 0 0 0 0 5.742334585897797e-06 9.9903720396313496e-07 0 0 
0.3052829278917657 0 0 0 0 0 0 0 0 5.7457625855059449e-06 9.9958560848950481e-07 0 0 
0.30545866255853232 0 0 0 0 0 0 0 0 5.7492446532126748e-06 1.0001425984165618e-06 0 0 
0.30563710290779411 0 0 0 0 0 0 0 0 5.7527805670899123e-06 1.0007081352339776e-06 0 0 
0.30581823920302886 0 0 0 0 0 0 0 0 5.7563701449550455e-06 1.0012821867575257e-06 0 0 
0.30600206144869169 0 0 0 0 0 0 0 0 5.7600131996022955e-06 1.0018647199677397e-06 0 0 
0.30618855741616091 0 0 0 0 0 0 0 0 5.7637094996729044e-06 1.002455694755079e-06 0 0 
0.30637771480205561 0 0 0 0 0 0 0 0 5.7674588124188853e-06 1.0030550707608622e-06 0 0 
0.3065695231235866 0 0 0 0 0 0 0 0 5.7712609412722243e-06 1.003662813382822e-06 0 0 
0.3067639716558373 0 0 0 0 0 0 0 0 5.7751156849629254e-06 1.0042788872386319e-06 0 0 
0.30696104761198062 0 0 0 0 0 0 0 0 5.7790228014356512e-06 1.0049032504011536e-06 0 0 
0.30716073812053796 0 0 0 0 0 0 0 0 5.7829820470370553e-06 1.0055358606642727e-06 0 0 
0.30736303197774273 0 0 0 0 0 0 0 0 5.7869932112600974e-06 1.0061766810941513e-06 0 0 
0.30756791775203129 0 0 0 0 0 0 0 0 5.7910560791653882e-06 1.0068256740239433e-06 0 0 
0.30777538209719352 0 0 0 0 0 0 0 0 5.7951703979232169e-06 1.0074827957115069e-06 0 0 
0.30798541157500653 0 0 0 0 0 0 0 0 5.7993359129461167e-06 1.0081480021139399e-06 0 0 
0.30819799428392974 0 0 0 0 0 0 0 0 5.8035524001911753e-06 1.0088212540459181e-06 0 0 
0.3084131181070271 0 0 0 0 0 0 0 0 5.807819631414152e-06 1.0095025116301168e-06 0 0 
0.30863076914050946 0 0 0 0 0 0 0 0 5.8121373429898486e-06 1.0101917293216473e-06 0 0 
0.30885093338319863 0 0 0 0 0 0 0 0 5.8165052694145029e-06 1.0108888612594725e-06 0 0 
0.30907359825752045 0 0 0 0 0 0 0 0 5.8209231734817937e-06 1.0115938660824446e-06 0 0 
0.30929875098144011 0 0 0 0 0 0 0 0 5.8253908139855285e-06 1.0123067017738502e-06 0 0 
0.30952637709782327 0 0 0 0 0 0 0 0 5.8299079165304622e-06 1.013027321006257e-06 0 0 
0.30975646204835283 0 0 0 0 0 0 0 0 5.8344742047529198e-06 1.0137556761257868e-06 0 0 
0.30998899260014878 0 0 0 0 0 0 0 0 5.8390894286339312e-06 1.0144917236681552e-06 0 0 
0.3102239553256797 0 0 0 0 0 0 0 0 5.8437533343337676e-06 1.0152354195463925e-06 0 0 
0.31046133522072034 0 0 0 0 0 0 0 0 5.8484656367509323e-06 1.0159867146773739e-06 0 0 
0.31070111717734966 0 0 0 0 0 0 0 0 5.853226048750947e-06 1.0167455596453137e-06 0 0 
0.31094328732742715 0 0 0 0 0 0 0 0 5.8580343078382574e-06 1.0175119089534952e-06 0 0 
0.31118783161709973 0 0 0 0 0 0 0 0 5.8628901478579463e-06 1.0182857165126713e-06 0 0 
0.31143473450301623 0 0 0 0 0 0 0 0 5.8677932730992617e-06 1.0190669315164567e-06 0 0 
0.31168398033666844 0 0 0 0 0 0 0 0 5.8727433857738576e-06 1.0198555028229873e-06 0 0 
0.31193555463426204 0 0 0 0 0 0 0 0 5.877740211236013e-06 1.0206513829725794e-06 0 0 
0.31218944273455362 0 0 0 0 0 0 0 0 5.8827834713286358e-06 1.0214545239410707e-06 0 0 
0.31244562856450336 0 0 0 0 0 0 0 0 5.887872859856268e-06 1.0222648732360978e-06 0 0 
0.31270409594532783 0 0 0 0 0 0 0 0 5.8930080685188731e-06 1.0230823780297834e-06 0 0 
0.31296482979693069 0 0 0 0 0 0 0 0 5.8981888108410558e-06 1.0239069889682772e-06 0 0 
0.31322781486950368 0 0 0 0 0 0 0 0 5.9034147969734822e-06 1.024738656159675e-06 0 0 
0.31349303457104072 0 0 0 0 0 0 0 0 5.9086857103856853e-06 1.025577325467091e-06 0 0 
0.31376047220394265 0 0 0 0 0 0 0 0 5.9140012324299521e-06 1.0264229424204934e-06 0 0 
0.31403011211104542 0 0 0 0 0 0 0 0 5.9193610651189447e-06 1.0272754558403974e-06 0 0 
0.31430193847279941 0 0 0 0 0 0 0 0 5.9247649072206405e-06 1.0281348140344266e-06 0 0 
0.31457593419009189 0 0 0 0 0 0 0 0 5.9302124320412427e-06 1.0290009612663451e-06 0 0 
0.31485208205899384 0 0 0 0 0 0 0 0 5.9357033107693322e-06 1.0298738414711625e-06 0 0 
0.31513036586449461 0 0 0 0 0 0 0 0 5.9412372342229706e-06 1.0307534017123543e-06 0 0 
0.31541076923620442 0 0 0 0 0 0 0 0 5.946813890098209e-06 1.0316395885646375e-06 0 0 
0.31569327458077889 0 0 0 0 0 0 0 0 5.9524329417295621e-06 1.0325323447409294e-06 0 0 
0.31597786420137325 0 0 0 0 0 0 0 0 5.9580940503443104e-06 1.0334316126314714e-06 0 0 
0.31626452134441668 0 0 0 0 0 0 0 0 5.9637968958842675e-06 1.0343373376115519e-06 0 0 
0.31655322910771699 0 0 0 0 0 0 0 0 5.9695411552872954e-06 1.0352494645910555e-06 0 0 
0.31684396941748982 0 0 0 0 0 0 0 0 5.9753264821262735e-06 1.036167934783482e-06 0 0 
0.31713672409823351 0 0 0 0 0 0 0 0 5.9811525278862259e-06 1.037092689087229e-06 0 0 
0.3174314758772282 0 0 0 0 0 0 0 0 5.9870189619540624e-06 1.0380236712586676e-06 0 0 
0.31772820733969809 0 0 0 0 0 0 0 0 5.9929254508270121e-06 1.0389608246115266e-06 0 0 
0.31802689994604366 0 0 0 0 0 0 0 0 5.9988716385429931e-06 1.0399040889139704e-06 0 0 
0.31832753505713929 0 0 0 0 0 0 0 0 6.0048571670799329e-06 1.0408534036279478e-06 0 0 
0.31863009490069605 0 0 0 0 0 0 0 0 6.0108816955948548e-06 1.0418087109607236e-06 0 0 
0.31893456156878719 0 0 0 0 0 0 0 0 6.016944880466833e-06 1.0427699526991936e-06 0 0 
0.31924091607138455 0 0 0 0 0 0 0 0 6.023046356441359e-06 1.0437370672227021e-06 0 0 
0.31954913932148515 0 0 0 0 0 0 0 0 6.0291857562390041e-06 1.0447099926143642e-06 0 0 
0.31985921306701176 0 0 0 0 0 0 0 0 6.0353627291170384e-06 1.0456886696027667e-06 0 0 
0.3201711189265562 0 0 0 0 0 0 0 0 6.0415769216640835e-06 1.0466730385180245e-06 0 0 
0.32048483747574891 0 0 0 0 0 0 0 0 6.0478279595906812e-06 1.0476630364093224e-06 0 0 
0.32080034919611577 0 0 0 0 0 0 0 0 6.0541154666239348e-06 1.0486586000406338e-06 0 0 
0.32111763537579568 0 0 0 0 0 0 0 0 6.0604390824566064e-06 1.0496596687329106e-06 0 0 
0.32143667717982172 0 0 0 0 0 0 0 0 6.066798444221411e-06 1.0506661814302944e-06 0 0 
0.32175745476621653 0 0 0 0 0 0 0 0 6.0731931688647752e-06 1.0516780739124612e-06 0 0 
0.32207994820205293 0 0 0 0 0 0 0 0 6.0796228713976877e-06 1.0526952816857541e-06 0 0 
0.32240413833593007 0 0 0 0 0 0 0 0 6.0860871822901498e-06 1.0537177427352555e-06 0 0 
0.32273000589950696 0 0 0 0 0 0 0 0 6.0925857295592164e-06 1.0547453946906278e-06 0 0 
0.32305753065053078 0 0 0 0 0 0 0 0 6.0991181216721941e-06 1.0557781721244862e-06 0 0 
0.32338669225920808 0 0 0 0 0 0 0 0 6.1056839652139707e-06 1.0568160093487965e-06 0 0 
0.32371747115509103 0 0 0 0 0 0 0 0 6.112282881779471e-06 1.0578588430851386e-06 0 0 
0.32404984765691663 0 0 0 0 0 0 0 0 6.1189144906179849e-06 1.0589066097209518e-06 0 0 
0.32438380114004395 0 0 0 0 0 0 0 0 6.1255783920148779e-06 1.0599592426858697e-06 0 0 
0.32471931089592931 0 0 0 0 0 0 0 0 6.1322741844312559e-06 1.0610166751622152e-06 0 0 
0.3250563569558238 0 0 0 0 0 0 0 0 6.1390014809418484e-06 1.062078842681149e-06 0 0 
0.32539491924626252 0 0 0 0 0 0 0 0 6.1457598923830565e-06 1.0631456804608068e-06 0 0 
0.3257349767786189 0 0 0 0 0 0 0 0 6.1525490111676676e-06 1.0642171208533592e-06 0 0 
0.32607650848420761 0 0 0 0 0 0 0 0 6.1593684279469606e-06 1.0652930959776741e-06 0 0 
0.32641949401697845 0 0 0 0 0 0 0 0 6.1662177476375545e-06 1.066373540248137e-06 0 0 
0.32676391293224999 0 0 0 0 0 0 0 0 6.1730965730251395e-06 1.0674583877871561e-06 0 0 
0.32710974389629088 0 0 0 0 0 0 0 0 6.1800044889710965e-06 1.0685475699363453e-06 0 0 
0.32745696549934095 0 0 0 0 0 0 0 0 6.1869410786422214e-06 1.0696410178184608e-06 0 0 
0.32780555703929937 0 0 0 0 0 0 0 0 6.1939059391663401e-06 1.0707386648054075e-06 0 0 
0.32815549772151353 0 0 0 0 0 0 0 0 6.2008986656481157e-06 1.0718404439980398e-06 0 0 
0.32850676588647182 0 0 0 0 0 0 0 0 6.2079188357298291e-06 1.0729462857954376e-06 0 0 
0.32885933980283194 0 0 0 0 0 0 0 0 6.2149660254301544e-06 1.0740561203927894e-06 0 0 
0.3292131984339382 0 0 0 0 0 0 0 0 6.2220398244647182e-06 1.075169880194294e-06 0 0 
0.32956832065666469 0 0 0 0 0 0 0 0 6.2291398206346295e-06 1.0762874973539956e-06 0 0 
0.32992468450545465 0 0 0 0 0 0 0 0 6.2362655847062523e-06 1.0774089013975211e-06 0 0 
0.3302822679472715 0 0 0 0 0 0 0 0 6.2434166858967941e-06 1.0785340216619937e-06 0 0 
0.33064104963263763 0 0 0 0 0 0 0 0 6.2505927068938547e-06 1.0796627896591695e-06 0 0 
0.33100100813169403 0 0 0 0 0 0 0 0 6.2577932285801177e-06 1.0807951366715182e-06 0 0 
0.33136212119295427 0 0 0 0 0 0 0 0 6.2650178151994001e-06 1.0819309914212124e-06 0 0 
0.33172436650193982 0 0 0 0 0 0 0 0 6.2722660295244917e-06 1.0830702824576805e-06 0 0 
0.33208772241831169 0 0 0 0 0 0 0 0 6.2795374476067354e-06 1.0842129404759295e-06 0 0 
0.33245216722744925 0 0 0 0 0 0 0 0 6.2868316438027681e-06 1.0853588959624855e-06 0 0 
0.33281767841240123 0 0 0 0 0 0 0 0 6.2941481761976186e-06 1.0865080769068796e-06 0 0 
0.33318423339783604 0 0 0 0 0 0 0 0 6.3014866014862839e-06 1.0876604111419465e-06 0 0 
0.33355181027472963 0 0 0 0 0 0 0 0 6.3088464894828876e-06 1.0888158286219971e-06 0 0 
0.3339203870658895 0 0 0 0 0 0 0 0 6.3162274084184843e-06 1.089974259113605e-06 0 0 
0.33428994100968523 0 0 0 0 0 0 0 0 6.3236289105921548e-06 1.0911356299451407e-06 0 0 
0.33466044929082917 0 0 0 0 0 0 0 0 6.3310505469974755e-06 1.0922998683045749e-06 0 0 
0.33503188975399084 0 0 0 0 0 0 0 0 6.3384918816177784e-06 1.0934669034818534e-06 0 0 
0.33540424018180082 0 0 0 0 0 0 0 0 6.3459524769662358e-06 1.0946366645998881e-06 0 0 
0.33577747758902715 0 0 0 0 0 0 0 0 6.3534318799383068e-06 1.0958090783978984e-06 0 0 
0.33615157894160369 0 0 0 0 0 0 0 0 6.3609296362114625e-06 1.09698407149127e-06 0 0 
0.3365265218604615 0 0 0 0 0 0 0 0 6.368445304351937e-06 1.0981615725821072e-06 0 0 
0.33690228391063765 0 0 0 0 0 0 0 0 6.3759784415700731e-06 1.09934151022615e-06 0 0 
0.3372788419046418 0 0 0 0 0 0 0 0 6.3835285897490602e-06 1.1005238106459544e-06 0 0 
0.33765617261106029 0 0 0 0 0 0 0 0 6.3910952896439177e-06 1.1017083999569537e-06 0 0 
0.33803425344982685 0 0 0 0 0 0 0 0 6.3986780948249717e-06 1.1028952063501014e-06 0 0 
0.33841306179114261 0 0 0 0 0 0 0 0 6.4062765576217776e-06 1.1040841578905907e-06 0 0 
0.3387925742668389 0 0 0 0 0 0 0 0 6.4138902153049567e-06 1.1052751803571188e-06 0 0 
0.33917276746981306 0 0 0 0 0 0 0 0 6.4215186041094159e-06 1.1064681994381166e-06 0 0 
0.33955361864189998 0 0 0 0 0 0 0 0 6.4291612730374209e-06 1.1076631428901314e-06 0 0 
0.33993510498137897 0 0 0 0 0 0 0 0 6.4368177699669376e-06 1.1088599383644796e-06 0 0 
0.34031720296119455 0 0 0 0 0 0 0 0 6.4444876279637397e-06 1.1100585112690402e-06 0 0 
0.34069988902041393 0 0 0 0 0 0 0 0 6.4521703791528649e-06 1.1112587869383673e-06 0 0 
0.34108314024581227 0 0 0 0 0 0 0 0 6.4598655684029626e-06 1.1124606927713284e-06 0 0 
0.3414669336868012 0 0 0 0 0 0 0 0 6.4675727395765305e-06 1.1136641560820449e-06 0 0 
0.34185124567941388 0 0 0 0 0 0 0 0 6.4752914219500794e-06 1.1148691019807034e-06 0 0 
0.34223605253092126 0 0 0 0 0 0 0 0 6.4830211439561466e-06 1.1160754555212042e-06 0 0 
0.3426213311962012 0 0 0 0 0 0 0 0 6.4907614467711717e-06 1.117283143821385e-06 0 0 
0.34300705859897329 0 0 0 0 0 0 0 0 6.4985118706846946e-06 1.1184920939347216e-06 0 0 
0.34339321096049341 0 0 0 0 0 0 0 0 6.5062719416065362e-06 1.1197022307468765e-06 0 0 
0.34377976447841885 0 0 0 0 0 0 0 0 6.5140411847015729e-06 1.1209134791042958e-06 0 0 
0.34416669599899785 0 0 0 0 0 0 0 0 6.5218191379014898e-06 1.122125765920257e-06 0 0 
0.3445539823435374 0 0 0 0 0 0 0 0 6.529605338371489e-06 1.1233390180639732e-06 0 0 
0.34494159964078214 0 0 0 0 0 0 0 0 6.5373993090844435e-06 1.1245531602696785e-06 0 0 
0.34532952400108186 0 0 0 0 0 0 0 0 6.5452005723688858e-06 1.1257681172494192e-06 0 0 
0.34571773218540963 0 0 0 0 0 0 0 0 6.5530086633651537e-06 1.1269838157881602e-06 0 0 
0.34610620093602407 0 0 0 0 0 0 0 0 6.5608231165690337e-06 1.1282001826469844e-06 0 0 
0.34649490631153163 0 0 0 0 0 0 0 0 6.5686434524522069e-06 1.1294171424815819e-06 0 0 
0.34688382435737786 0 0 0 0 0 0 0 0 6.5764691909445187e-06 1.1306346199424698e-06 0 0 
0.3472729317726837 0 0 0 0 0 0 0 0 6.5842998648541287e-06 1.1318525417622096e-06 0 0 
0.34766220524408964 0 0 0 0 0 0 0 0 6.5921350064677351e-06 1.1330708346695688e-06 0 0 
0.34805162078251767 0 0 0 0 0 0 0 0 6.5999741341977524e-06 1.1342894233143013e-06 0 0 
0.34844115439098466 0 0 0 0 0 0 0 0 6.6078167660187073e-06 1.1355082323579347e-06 0 0 
0.3488307827302316 0 0 0 0 0 0 0 0 6.6156624328710676e-06 1.1367271885561614e-06 0 0 
0.34922048245475812 0 0 0 0 0 0 0 0 6.6235106652980051e-06 1.1379462186808363e-06 0 0 
0.34961022955031085 0 0 0 0 0 0 0 0 6.6313609801001507e-06 1.1391652474480123e-06 0 0 
0.34999999999999998 0 0 0 0 0 0 0 0 6.6392128937452213e-06 1.140384199602364e-06 0 0 
0.35038977044968911 0 0 0 0 0 0 0 0 6.6470659357755544e-06 1.1416030019977896e-06 0 0 
0.35077951754524184 0 0 0 0 0 0 0 0 6.6549196354615607e-06 1.1428215815241513e-06 0 0 
0.35116921726976835 0 0 0 0 0 0 0 0 6.6627735084440757e-06 1.1440398630355773e-06 0 0 
0.35155884560901529 0 0 0 0 0 0 0 0 6.6706270701376338e-06 1.1452577714315337e-06 0 0 
0.35194837921748229 0 0 0 0 0 0 0 0 6.6784798491605252e-06 1.1464752337386379e-06 0 0 
0.35233779475591032 0 0 0 0 0 0 0 0 6.6863313739854678e-06 1.147692177039168e-06 0 0 
0.35272706822731625 0 0 0 0 0 0 0 0 6.6941811595502912e-06 1.1489085263965234e-06 0 0 
0.3531161756426221 0 0 0 0 0 0 0 0 6.7020287206742454e-06 1.1501242069360213e-06 0 0 
0.35350509368846833 0 0 0 0 0 0 0 0 6.7098735855294203e-06 1.1513391459309374e-06 0 0 
0.35389379906397589 0 0 0 0 0 0 0 0 6.7177152822706137e-06 1.1525532707297234e-06 0 0 
0.35428226781459032 0 0 0 0 0 0 0 0 6.7255533255932107e-06 1.1537665066756321e-06 0 0 
0.3546704759989181 0 0 0 0 0 0 0 0 6.7333872301823673e-06 1.1549787791902061e-06 0 0 
0.35505840035921782 0 0 0 0 0 0 0 0 6.741216524246596e-06 1.1561900158666404e-06 0 0 
0.35544601765646255 0 0 0 0 0 0 0 0 6.749040736105235e-06 1.157400144392651e-06 0 0 
0.3558333040010021 0 0 0 0 0 0 0 0 6.7568593806756114e-06 1.1586090904611905e-06 0 0 
0.35622023552158111 0 0 0 0 0 0 0 0 6.7646719729734621e-06 1.159816779859664e-06 0 0 
0.35660678903950654 0 0 0 0 0 0 0 0 6.7724780417289941e-06 1.1610231405736912e-06 0 0 
0.35699294140102666 0 0 0 0 0 0 0 0 6.7802771159127705e-06 1.1622281007026269e-06 0 0 
0.35737866880379876 0 0 0 0 0 0 0 0 6.7880687111305777e-06 1.163431586358131e-06 0 0 
0.35776394746907869 0 0 0 0 0 0 0 0 6.7958523431960907e-06 1.1646335237622697e-06 0 0 
0.35814875432058607 0 0 0 0 0 0 0 0 6.8036275418495955e-06 1.1658338413648302e-06 0 0 
0.35853306631319876 0 0 0 0 0 0 0 0 6.8113938372021233e-06 1.1670324677483368e-06 0 0 
0.35891685975418769 0 0 0 0 0 0 0 0 6.8191507460171284e-06 1.1682293295113134e-06 0 0 
0.35930011097958603 0 0 0 0 0 0 0 0 6.8268977853753039e-06 1.1694243533783536e-06 0 0 
0.3596827970388054 0 0 0 0 0 0 0 0 6.8346344865180662e-06 1.170617468334287e-06 0 0 
0.36006489501862099 0 0 0 0 0 0 0 0 6.8423603811883658e-06 1.1718086035154991e-06 0 0 
0.36044638135809998 0 0 0 0 0 0 0 0 6.8500749877780462e-06 1.1729976860745651e-06 0 0 
0.36082723253018689 0 0 0 0 0 0 0 0 6.8577778251057107e-06 1.1741846433054691e-06 0 0 
0.36120742573316106 0 0 0 0 0 0 0 0 6.8654684264064168e-06 1.1753694047980564e-06 0 0 
0.36158693820885734 0 0 0 0 0 0 0 0 6.8731463255489516e-06 1.1765519003123609e-06 0 0 
0.36196574655017311 0 0 0 0 0 0 0 0 6.8808110430250863e-06 1.1777320576211217e-06 0 0 
0.36234382738893967 0 0 0 0 0 0 0 0 6.8884620998627539e-06 1.1789098046535433e-06 0 0 
0.36272115809535815 0 0 0 0 0 0 0 0 6.8960990317851075e-06 1.1800850716734908e-06 0 0 
0.36309771608936231 0 0 0 0 0 0 0 0 6.9037213752817314e-06 1.1812577891334544e-06 0 0 
0.36347347813953845 0 0 0 0 0 0 0 0 6.9113286534163564e-06 1.1824278854913646e-06 0 0 
0.36384842105839627 0 0 0 0 0 0 0 0 6.9189203898978915e-06 1.1835952893763043e-06 0 0 
0.3642225224109728 0 0 0 0 0 0 0 0 6.9264961234330228e-06 1.1847599317941632e-06 0 0 
0.36459575981819914 0 0 0 0 0 0 0 0 6.9340553936280839e-06 1.1859217439577073e-06 0 0 
0.36496811024600911 0 0 0 0 0 0 0 0 6.9415977265905998e-06 1.1870806550738853e-06 0 0 
0.36533955070917079 0 0 0 0 0 0 0 0 6.9491226491813281e-06 1.1882365945351062e-06 0 0 
0.36571005899031472 0 0 0 0 0 0 0 0 6.9566297035865452e-06 1.1893894941562327e-06 0 0 
0.36607961293411045 0 0 0 0 0 0 0 0 6.9641184330258254e-06 1.1905392859770866e-06 0 0 
0.36644818972527032 0 0 0 0 0 0 0 0 6.9715883671210767e-06 1.1916859000161898e-06 0 0 
0.36681576660216392 0 0 0 0 0 0 0 0 6.9790390363550925e-06 1.1928292664914522e-06 0 0 
0.36718232158759873 0 0 0 0 0 0 0 0 6.9864699868893635e-06 1.1939693180925839e-06 0 0 
0.36754783277255071 0 0 0 0 0 0 0 0 6.9938807660533893e-06 1.1951059877521176e-06 0 0 
0.36791227758168826 0 0 0 0 0 0 0 0 7.0012709074525932e-06 1.1962392063614285e-06 0 0 
0.36827563349806014 0 0 0 0 0 0 0 0 7.0086399456593115e-06 1.1973689050247206e-06 0 0 
0.36863787880704568 0 0 0 0 0 0 0 0 7.0159874313061042e-06 1.1984950173712951e-06 0 0 
0.36899899186830593 0 0 0 0 0 0 0 0 7.023312916328365e-06 1.1996174772909803e-06 0 0 
0.36935895036736233 0 0 0 0 0 0 0 0 7.0306159387815836e-06 1.2007362166078381e-06 0 0 
0.36971773205272845 0 0 0 0 0 0 0 0 7.0378960377930269e-06 1.2018511673717679e-06 0 0 
0.37007531549454531 0 0 0 0 0 0 0 0 7.0451527689607714e-06 1.2029622642152597e-06 0 0 
0.37043167934333526 0 0 0 0 0 0 0 0 7.0523856893211005e-06 1.2040694420488562e-06 0 0 
0.37078680156606175 0 0 0 0 0 0 0 0 7.0595943418433804e-06 1.2051726336877239e-06 0 0 
0.37114066019716802 0 0 0 0 0 0 0 0 7.0667782706711084e-06 1.2062717721853267e-06 0 0 
0.37149323411352814 0 0 0 0 0 0 0 0 7.0739370368613404e-06 1.2073667932397893e-06 0 0 
0.37184450227848642 0 0 0 0 0 0 0 0 7.081070203044993e-06 1.2084576328446344e-06 0 0 
0.37219444296070059 0 0 0 0 0 0 0 0 7.0881773175645466e-06 1.2095442248629961e-06 0 0 
0.37254303450065901 0 0 0 0 0 0 0 0 7.0952579300375618e-06 1.2106265034082682e-06 0 0 
0.37289025610370907 0 0 0 0 0 0 0 0 7.102311607471096e-06 1.2117044053054178e-06 0 0 
0.37323608706774997 0 0 0 0 0 0 0 0 7.109337918582715e-06 1.2127778676920589e-06 0 0 
0.3735805059830215 0 0 0 0 0 0 0 0 7.1163364175428967e-06 1.2138468255345875e-06 0 0 
0.37392349151579235 0 0 0 0 0 0 0 0 7.1233066598954982e-06 1.2149112140610207e-06 0 0 
0.37426502322138105 0 0 0 0 0 0 0 0 7.1302482190866773e-06 1.2159709712832238e-06 0 0 
0.37460508075373744 0 0 0 0 0 0 0 0 7.1371606704102459e-06 1.2170260355428044e-06 0 0 
0.37494364304417616 0 0 0 0 0 0 0 0 7.1440435743139142e-06 1.2180763429630642e-06 0 0 
0.37528068910407064 0 0 0 0 0 0 0 0 7.1508964927142427e-06 1.219121829939664e-06 0 0 
0.37561619885995601 0 0 0 0 0 0 0 0 7.1577190059829533e-06 1.2201624357301826e-06 0 0 
0.37595015234308332 0 0 0 0 0 0 0 0 7.16451069647683e-06 1.2211980999389905e-06 0 0 
0.37628252884490893 0 0 0 0 0 0 0 0 7.1712711313638479e-06 1.2222287598981878e-06 0 0 
0.37661330774079188 0 0 0 0 0 0 0 0 7.1779998793728756e-06 1.2232543532223274e-06 0 0 
0.37694246934946918 0 0 0 0 0 0 0 0 7.1846965282840831e-06 1.2242748204723448e-06 0 0 
0.377269994100493 0 0 0 0 0 0 0 0 7.1913606680015462e-06 1.2252901025729386e-06 0 0 
0.37759586166406989 0 0 0 0 0 0 0 0 7.197991872848891e-06 1.2263001381151504e-06 0 0 
0.37792005179794702 0 0 0 0 0 0 0 0 7.2045897187991245e-06 1.227304865981815e-06 0 0 
0.37824254523378342 0 0 0 0 0 0 0 0 7.2111538015206933e-06 1.2283042280936616e-06 0 0 
0.37856332282017824 0 0 0 0 0 0 0 0 7.2176837189455903e-06 1.22929816675218e-06 0 0 
0.37888236462420427 0 0 0 0 0 0 0 0 7.2241790529803746e-06 1.2302866218555951e-06 0 0 
0.37919965080388418 0 0 0 0 0 0 0 0 7.2306393872651667e-06 1.2312695336024887e-06 0 0 
0.37951516252425105 0 0 0 0 0 0 0 0 7.2370643258327823e-06 1.2322468453286975e-06 0 0 
0.37982888107344376 0 0 0 0 0 0 0 0 7.243453475120172e-06 1.23321850076781e-06 0 0 
0.3801407869329882 0 0 0 0 0 0 0 0 7.2498064250350921e-06 1.234184441171557e-06 0 0 
0.3804508606785148 0 0 0 0 0 0 0 0 7.2561227672978066e-06 1.2351446080997158e-06 0 0 
0.3807590839286154 0 0 0 0 0 0 0 0 7.262402114777417e-06 1.2360989463573906e-06 0 0 
0.38106543843121277 0 0 0 0 0 0 0 0 7.2686440828895758e-06 1.2370474011645572e-06 0 0 
0.38136990509930391 0 0 0 0 0 0 0 0 7.2748482699505775e-06 1.2379899151707254e-06 0 0 
0.38167246494286067 0 0 0 0 0 0 0 0 7.2810142761636315e-06 1.2389264313402052e-06 0 0 
0.38197310005395629 0 0 0 0 0 0 0 0 7.2871417237015439e-06 1.2398568960004541e-06 0 0 
0.38227179266030187 0 0 0 0 0 0 0 0 7.2932302374285294e-06 1.2407812559111272e-06 0 0 
0.38256852412277176 0 0 0 0 0 0 0 0 7.2992794244659643e-06 1.2416994551616352e-06 0 0 
0.38286327590176644 0 0 0 0 0 0 0 0 7.3052888938895248e-06 1.2426114381619592e-06 0 0 
0.38315603058251013 0 0 0 0 0 0 0 0 7.3112582776398546e-06 1.243517152813979e-06 0 0 
0.38344677089228296 0 0 0 0 0 0 0 0 7.3171872104956616e-06 1.2444165474693946e-06 0 0 
0.38373547865558327 0 0 0 0 0 0 0 0 7.3230753087670078e-06 1.2453095676974487e-06 0 0 
0.38402213579862671 0 0 0 0 0 0 0 0 7.3289221907784678e-06 1.2461961593925144e-06 0 0 
0.38430672541922106 0 0 0 0 0 0 0 0 7.3347274986981388e-06 1.2470762720820817e-06 0 0 
0.38458923076379553 0 0 0 0 0 0 0 0 7.3404908776816846e-06 1.2479498557614577e-06 0 0 
0.38486963413550535 0 0 0 0 0 0 0 0 7.3462119535976348e-06 1.2488168575172496e-06 0 0 
0.38514791794100611 0 0 0 0 0 0 0 0 7.3518903543808762e-06 1.2496772247644862e-06 0 0 
0.38542406580990807 0 0 0 0 0 0 0 0 7.3575257328822958e-06 1.2505309087065924e-06 0 0 
0.38569806152720054 0 0 0 0 0 0 0 0 7.3631177450944689e-06 1.2513778610334142e-06 0 0 
0.38596988788895453 0 0 0 0 0 0 0 0 7.3686660267983223e-06 1.2522180303839431e-06 0 0 
0.3862395277960573 0 0 0 0 0 0 0 0 7.3741702158835703e-06 1.253051365727409e-06 0 0 
0.38650696542895924 0 0 0 0 0 0 0 0 7.379629976336012e-06 1.2538778199928788e-06 0 0 
0.38677218513049627 0 0 0 0 0 0 0 0 7.3850449754423297e-06 1.2546973466151258e-06 0 0 
0.38703517020306927 0 0 0 0 0 0 0 0 7.3904148592327454e-06 1.2555098958178733e-06 0 0 
0.38729590405467212 0 0 0 0 0 0 0 0 7.395739275877513e-06 1.2563154181552166e-06 0 0 
0.38755437143549659 0 0 0 0 0 0 0 0 7.4010179009467085e-06 1.2571138683310276e-06 0 0 
0.38781055726544633 0 0 0 0 0 0 0 0 7.406250413476994e-06 1.257905201575194e-06 0 0 
0.38806444536573792 0 0 0 0 0 0 0 0 7.4114364700653819e-06 1.2586893697255697e-06 0 0 
0.38831601966333151 0 0 0 0 0 0 0 0 7.4165757294673748e-06 1.2594663249486172e-06 0 0 
0.38856526549698372 0 0 0 0 0 0 0 0 7.4216678792848856e-06 1.2602360237719265e-06 0 0 
0.38881216838290023 0 0 0 0 0 0 0 0 7.4267126107601487e-06 1.2609984232706596e-06 0 0 
0.3890567126725728 0 0 0 0 0 0 0 0 7.4317095913532078e-06 1.2617534769230706e-06 0 0 
0.38929888282265029 0 0 0 0 0 0 0 0 7.4366584906857759e-06 1.2625011385319664e-06 0 0 
0.38953866477927962 0 0 0 0 0 0 0 0 7.4415590088383818e-06 1.2632413664975924e-06 0 0 
0.38977604467432025 0 0 0 0 0 0 0 0 7.4464108497164326e-06 1.2639741197909239e-06 0 0 
0.39001100739985117 0 0 0 0 0 0 0 0 7.4512136919151451e-06 1.2646993535533808e-06 0 0 
0.39024353795164712 0 0 0 0 0 0 0 0 7.4559672161760396e-06 1.2654170232441835e-06 0 0 
0.39047362290217669 0 0 0 0 0 0 0 0 7.4606711355067311e-06 1.2661270891855254e-06 0 0 
0.39070124901855985 0 0 0 0 0 0 0 0 7.465325166937859e-06 1.2668295122956039e-06 0 0 
0.3909264017424795 0 0 0 0 0 0 0 0 7.4699290004439821e-06 1.2675242493978219e-06 0 0 
0.39114906661680132 0 0 0 0 0 0 0 0 7.4744823281094981e-06 1.2682112576234652e-06 0 0 
0.39136923085949049 0 0 0 0 0 0 0 0 7.478984876321142e-06 1.26889049926679e-06 0 0 
0.39158688189297286 0 0 0 0 0 0 0 0 7.4834363757047836e-06 1.26956193724607e-06 0 0 
0.39180200571607021 0 0 0 0 0 0 0 0 7.4878365278273028e-06 1.2702255300810776e-06 0 0 
0.39201458842499343 0 0 0 0 0 0 0 0 7.4921850363022209e-06 1.2708812365856378e-06 0 0 
0.39222461790280644 0 0 0 0 0 0 0 0 7.496481641355365e-06 1.2715290210776682e-06 0 0 
0.39243208224796866 0 0 0 0 0 0 0 0 7.5007260876903457e-06 1.2721688485305765e-06 0 0 
0.39263696802225723 0 0 0 0 0 0 0 0 7.5049180886428365e-06 1.272800679169776e-06 0 0 
0.392839261879462 0 0 0 0 0 0 0 0 7.5090573594988743e-06 1.2734244734960628e-06 0 0 
0.39303895238801934 0 0 0 0 0 0 0 0 7.5131436547955972e-06 1.2740401979048125e-06 0 0 
0.39323602834416266 0 0 0 0 0 0 0 0 7.5171767338160849e-06 1.2746478194829511e-06 0 0 
0.39343047687641336 0 0 0 0 0 0 0 0 7.5211563217981205e-06 1.2752473001647339e-06 0 0 
0.39362228519794434 0 0 0 0 0 0 0 0 7.5250821457920123e-06 1.2758386021350736e-06 0 0 
0.39381144258383904 0 0 0 0 0 0 0 0 7.528953975137364e-06 1.2764216939239283e-06 0 0 
0.39399793855130827 0 0 0 0 0 0 0 0 7.5327715842268968e-06 1.2769965447948205e-06 0 0 
0.39418176079697109 0 0 0 0 0 0 0 0 7.536534710281733e-06 1.277563118386786e-06 0 0 
0.39436289709220584 0 0 0 0 0 0 0 0 7.54024309214559e-06 1.2781213785570869e-06 0 0 
0.39454133744146763 0 0 0 0 0 0 0 0 7.5438965144792823e-06 1.2786712960320593e-06 0 0 
0.39471707210823426 0 0 0 0 0 0 0 0 7.5474947673561506e-06 1.2792128423215786e-06 0 0 
0.39489008935559078 0 0 0 0 0 0 0 0 7.5510375999986729e-06 1.2797459827565058e-06 0 0 
0.39506037750820083 0 0 0 0 0 0 0 0 7.5545247629942389e-06 1.2802706828434265e-06 0 0 
0.39522792732468776 0 0 0 0 0 0 0 0 7.5579560568840823e-06 1.2807869155735224e-06 0 0 
0.39539272984304968 0 0 0 0 0 0 0 0 7.5613312880517494e-06 1.2812946547821977e-06 0 0 
0.39555477388746385 0 0 0 0 0 0 0 0 7.5646502176601901e-06 1.2817938674679421e-06 0 0 
0.39571404832614654 0 0 0 0 0 0 0 0 7.567912607889657e-06 1.2822845207491824e-06 0 0 
0.39587054469963145 0 0 0 0 0 0 0 0 7.5711182757791472e-06 1.2827665899597595e-06 0 0 
0.39602425485291654 0 0 0 0 0 0 0 0 7.5742670447362113e-06 1.2832400513531121e-06 0 0 
0.39617516816109011 0 0 0 0 0 0 0 0 7.5773586877027301e-06 1.2837048735567483e-06 0 0 
0.39632327401983009 0 0 0 0 0 0 0 0 7.5803929781678515e-06 1.2841610252441866e-06 0 0 
0.39646856478352449 0 0 0 0 0 0 0 0 7.5833697503693028e-06 1.2846084841830815e-06 0 0 
0.39661103314273227 0 0 0 0 0 0 0 0 7.586288845575014e-06 1.2850472291564572e-06 0 0 
0.39675066900692924 0 0 0 0 0 0 0 0 7.5891500482111528e-06 1.2854772303630633e-06 0 0 
0.39688746227451183 0 0 0 0 0 0 0 0 7.5919531426117831e-06 1.2858984579485821e-06 0 0 
0.39702140615171239 0 0 0 0 0 0 0 0 7.5946979810360265e-06 1.2863108922245571e-06 0 0 
0.39715249422210452 0 0 0 0 0 0 0 0 7.5973844236281353e-06 1.2867145146429321e-06 0 0 
0.39728071690440825 0 0 0 0 0 0 0 0 7.6000122658239869e-06 1.2871092968898115e-06 0 0 
0.39740606456282845 0 0 0 0 0 0 0 0 7.6025813020867989e-06 1.2874952104630828e-06 0 0 
0.39752853130226484 0 0 0 0 0 0 0 0 7.605091403697583e-06 1.2878722383558757e-06 0 0 
0.39764811166004566 0 0 0 0 0 0 0 0 7.6075424509625149e-06 1.2882403648696329e-06 0 0 
0.39776479652689145 0 0 0 0 0 0 0 0 7.6099342496022597e-06 1.2885995630571801e-06 0 0 
0.39787857667814808 0 0 0 0 0 0 0 0 7.6122666031251644e-06 1.2889498055944498e-06 0 0 
0.39798944717738705 0 0 0 0 0 0 0 0 7.6145394031028666e-06 1.2892910783348403e-06 0 0 
0.39809740359686391 0 0 0 0 0 0 0 0 7.616752551704955e-06 1.2896233686732173e-06 0 0 
0.3982024372444356 0 0 0 0 0 0 0 0 7.6189058638471107e-06 1.2899466508547077e-06 0 0 
0.3983045392248814 0 0 0 0 0 0 0 0 7.6209991504415676e-06 1.2902608984764569e-06 0 0 
0.39840370564067612 0 0 0 0 0 0 0 0 7.623032325030477e-06 1.2905661004935054e-06 0 0 
0.39849993321278865 0 0 0 0 0 0 0 0 7.6250053140150097e-06 1.2908622477388323e-06 0 0 
0.39859321358459887 0 0 0 0 0 0 0 0 7.6269179398635574e-06 1.2911493153936832e-06 0 0 
0.39868353806532686 0 0 0 0 0 0 0 0 7.6287700183599644e-06 1.2914272775869261e-06 0 0 
0.39877090390875702 0 0 0 0 0 0 0 0 7.630561487353865e-06 1.2916961267160782e-06 0 0 
0.39885530915295808 0 0 0 0 0 0 0 0 7.6322923009623372e-06 1.2919558575653809e-06 0 0 
0.39893674565259918 0 0 0 0 0 0 0 0 7.633962286687318e-06 1.2922064458654282e-06 0 0 
0.3990152047227491 0 0 0 0 0 0 0 0 7.6355712611383375e-06 1.2924478656614681e-06 0 0 
0.39909068493447819 0 0 0 0 0 0 0 0 7.6371191899050345e-06 1.2926801132996105e-06 0 0 
0.39916318590857791 0 0 0 0 0 0 0 0 7.6386060602964856e-06 1.2929031883281326e-06 0 0 
0.3992326995148483 0 0 0 0 0 0 0 0 7.6400317008497883e-06 1.2931170664195075e-06 0 0 
0.39929921674067714 0 0 0 0 0 0 0 0 7.6413959221825767e-06 1.2933217205054919e-06 0 0 
0.39936273773490499 0 0 0 0 0 0 0 0 7.6426987229926344e-06 1.2935171516781522e-06 0 0 
0.3994232641545456 0 0 0 0 0 0 0 0 7.643940133107649e-06 1.2937033656410026e-06 0 0 
0.39948078755823418 0 0 0 0 0 0 0 0 7.6451199754282065e-06 1.2938803370012023e-06 0 0 
0.39953529799929316 0 0 0 0 0 0 0 0 7.6462380421615634e-06 1.2940480357084201e-06 0 0 
0.39958679764427341 0 0 0 0 0 0 0 0 7.6472943741594884e-06 1.2942064689506058e-06 0 0 
0.39963529104556944 0 0 0 0 0 0 0 0 7.6482890614135674e-06 1.2943556512260331e-06 0 0 
0.39968076886794096 0 0 0 0 0 0 0 0 7.6492219092521966e-06 1.2944955542812084e-06 0 0 
0.39972321899343655 0 0 0 0 0 0 0 0 7.6500926661089658e-06 1.2946261412753445e-06 0 0 
0.39976264641987103 0 0 0 0 0 0 0 0 7.6509014316963582e-06 1.2947474279919644e-06 0 0 
0.39979906048114577 0 0 0 0 0 0 0 0 7.6516483948796765e-06 1.2948594435230704e-06 0 0 
0.39983244980743293 0 0 0 0 0 0 0 0 7.6523333200283817e-06 1.2949621532433938e-06 0 0 
0.39986279709770883 0 0 0 0 0 0 0 0 7.6529558500301154e-06 1.2950555042554326e-06 0 0 
0.39989011185547924 0 0 0 0 0 0 0 0 7.6535161778221134e-06 1.2951395260865186e-06 0 0 
0.39991441340955985 0 0 0 0 0 0 0 0 7.6540146981072721e-06 1.2952142784563846e-06 0 0 
0.39993568592556789 0 0 0 0 0 0 0 0 7.6544510844572912e-06 1.2952797128918382e-06 0 0 
0.39995389704778628 0 0 0 0 0 0 0 0 7.6548246717102805e-06 1.2953357300727315e-06 0 0 
0.39996906436632579 0 0 0 0 0 0 0 0 7.6551358194996395e-06 1.2953823842832349e-06 0 0 
0.39998123915905026 0 0 0 0 0 0 0 0 7.655385578757042e-06 1.2954198333985374e-06 0 0 
0.3999903989246073 0 0 0 0 0 0 0 0 7.655573487081549e-06 1.2954480083219659e-06 0 0 
0.39999643917181321 0 0 0 0 0 0 0 0 7.6556974002739983e-06 1.2954665877337189e-06 0 0 
0.39999940921925187 0 0 0 0 0 0 0 0 7.6557583296756879e-06 1.2954757233943204e-06 0 0 
0.40014470978720729 0 0 0 0 0 0 0 0 7.6587391943559805e-06 1.2959226464525436e-06 0 0 
0.40087200732087713 0 0 0 0 0 0 0 0 7.6736621300489089e-06 1.2981593688477096e-06 0 0 
0.4023504857678486 0 0 0 0 0 0 0 0 7.7040099083193816e-06 1.3027045294113182e-06 0 0 
0.40459099165059786 0 0 0 0 0 0 0 0 7.7500296089638152e-06 1.3095878845311727e-06 0 0 
0.40756595103244253 0 0 0 0 0 0 0 0 7.8111911846059801e-06 1.318719356062681e-06 0 0 
0.41126720661127747 0 0 0 0 0 0 0 0 7.8873740180853145e-06 1.330066889333997e-06 0 0 
0.41570415041144115 0 0 0 0 0 0 0 0 7.9788299389402961e-06 1.3436504631716219e-06 0 0 
0.42087730558454084 0 0 0 0 0 0 0 0 8.0856399537306732e-06 1.3594609560082007e-06 0 0 
0.42677418997626637 0 0 0 0 0 0 0 0 8.2076269867161395e-06 1.3774477028520427e-06 0 0 
0.4333857211088733 0 0 0 0 0 0 0 0 8.3446930520333431e-06 1.3975687771382145e-06 0 0 
0.440710961269694 0 0 0 0 0 0 0 0 8.4969179292000641e-06 1.4198052833861519e-06 0 0 
0.44874596479763007 0 0 0 0 0 0 0 0 8.6643279635025608e-06 1.4441272960728622e-06 0 0 
0.45747943583370998 0 0 0 0 0 0 0 0 8.8468037827336882e-06 1.4704808695387842e-06 0 0 
0.46690091015217572 0 0 0 0 0 0 0 0 9.0442489111448136e-06 1.4988129616220126e-06 0 0 
0.47700458595107653 0 0 0 0 0 0 0 0 9.2566696301754544e-06 1.5290828716240688e-06 0 0 
0.48778302557637798 0 0 0 0 0 0 0 0 9.4840424689596549e-06 1.5612432199548087e-06 0 0 
0.49922381399572691 0 0 0 0 0 0 0 0 9.726241705081444e-06 1.5952301410329925e-06 0 0 
0.51131463105416608 0 0 0 0 0 0 0 0 9.9831442233336177e-06 1.6309786077181962e-06 0 0 
0.52404621629588921 0 0 0 0 0 0 0 0 1.0254691566923748e-05 1.668431177056201e-06 0 0 
0.53740818894154807 0 0 0 0 0 0 0 0 1.0540800181688277e-05 1.7075256025353448e-06 0 0 
0.55138642625179612 0 0 0 0 0 0 0 0 1.0841303125815893e-05 1.7481873624722473e-06 0 0 
0.56596663032049499 0 0 0 0 0 0 0 0 1.1156024176631689e-05 1.7903403327416491e-06 0 0 
0.58113671008641465 0 0 0 0 0 0 0 0 1.1484828034642467e-05 1.8339137156002457e-06 0 0 
0.59688371641169957 0 0 0 0 0 0 0 0 1.1827553045169563e-05 1.8788332055948697e-06 0 0 
0.61319169983749811 0 0 0 0 0 0 0 0 1.2183962507437147e-05 1.9250151226800872e-06 0 0 
0.63004443393837062 0 0 0 0 0 0 0 0 1.2553801850613248e-05 1.9723744678279825e-06 0 0 
0.64742740840993684 0 0 0 0 0 0 0 0 1.2936841232545352e-05 2.0208306226587554e-06 0 0 
0.66532542305970377 0 0 0 0 0 0 0 0 1.3332821773191325e-05 2.0703006645587878e-06 0 0 
0.68372076947809513 0 0 0 0 0 0 0 0 1.3741413680831884e-05 2.1206946254455162e-06 0 0 
0.70259543631942134 0 0 0 0 0 0 0 0 1.4162263469242304e-05 2.1719219148732613e-06 0 0 
0.72193283779604134 0 0 0 0 0 0 0 0 1.4595031789658999e-05 2.2238961510370294e-06 0 0 
0.74171582691895677 0 0 0 0 0 0 0 0 1.5039348657710216e-05 2.2765298777919089e-06 0 0 
0.76192510001822056 0 0 0 0 0 0 0 0 1.5494776714275085e-05 2.3297306284031047e-06 0 0 
0.78254106450705119 0 0 0 0 0 0 0 0 1.5960852429951763e-05 2.3834062434793679e-06 0 0 
0.80354538512753948 0 0 0 0 0 0 0 0 1.6437121062809305e-05 2.4374690540160993e-06 0 0 
0.82491927657116704 0 0 0 0 0 0 0 0 1.6923098310997662e-05 2.4918315536640353e-06 0 0 
0.84664206205542669 0 0 0 0 0 0 0 0 1.7418237569382401e-05 2.546403040862559e-06 0 0 
0.86869281341895688 0 0 0 0 0 0 0 0 1.7921967463714779e-05 2.6010941339067608e-06 0 0 
0.89105177255089651 0 0 0 0 0 0 0 0 1.8433725144241411e-05 2.6558204435459112e-06 0 0 
0.91369883464927226 0 0 0 0 0 0 0 0 1.8952922673216484e-05 2.7104989095557526e-06 0 0 
0.93661221128141126 0 0 0 0 0 0 0 0 1.9478917349676557e-05 2.7650448539927139e-06 0 0 
0.95976991493173436 0 0 0 0 0 0 0 0 2.0011046937983921e-05 2.8193758772451738e-06 0 0 
0.98315109814083901 0 0 0 0 0 0 0 0 2.0548661995472221e-05 2.8734151100967437e-06 0 0 
1.0067346668417609 0 0 0 0 0 0 0 0 2.1091095689815004e-05 2.9270880142813626e-06 0 0 
1.0304980098091647 0 0 0 0 0 0 0 0 2.1637636310782429e-05 2.9803197209734793e-06 0 0 
1.0544183784343379 0 0 0 0 0 0 0 0 2.2187560926842307e-05 3.0330384282706063e-06 0 0 
1.0784741772834623 0 0 0 0 0 0 0 0 2.2740167083506647e-05 3.0851782977235983e-06 0 0 
1.1026436631848888 0 0 0 0 0 0 0 0 2.3294744923649509e-05 3.1366765774312266e-06 0 0 
1.1269037095793317 0 0 0 0 0 0 0 0 2.385055100200693e-05 3.1874711314604306e-06 0 0 
1.1512311198795371 0 0 0 0 0 0 0 0 2.4406840718529034e-05 3.2375034263805264e-06 0 0 
1.175603898342388 0 0 0 0 0 0 0 0 2.4962899516130251e-05 3.2867211267224628e-06 0 0 
1.2 0 0 0 0 0 0 0 0 2.5518016293730168e-05 3.3350754407313917e-06 0 0 
1.2243961016576119 0 0 0 0 0 0 0 0 2.6071457652403297e-05 3.3825187714666459e-06 0 0 
1.2487688801204628 0 0 0 0 0 0 0 0 2.6622499268134827e-05 3.4290073644218649e-06 0 0 
1.2730962904206682 0 0 0 0 0 0 0 0 2.7170456660182798e-05 3.4745036543692355e-06 0 0 
1.2973563368151111 0 0 0 0 0 0 0 0 2.7714659006359004e-05 3.5189737642271351e-06 0 0 
1.3215258227165376 0 0 0 0 0 0 0 0 2.825442299929321e-05 3.5623852278528168e-06 0 0 
1.345581621565662 0 0 0 0 0 0 0 0 2.8789083294477203e-05 3.6047093644393781e-06 0 0 
1.3695019901908352 0 0 0 0 0 0 0 0 2.9318022994782774e-05 3.6459234316548082e-06 0 0 
1.393265333158239 0 0 0 0 0 0 0 0 2.9840647111436751e-05 3.6860082295989832e-06 0 0 
1.416848901859161 0 0 0 0 0 0 0 0 3.0356355278588808e-05 3.72494585840149e-06 0 0 
1.4402300850682654 0 0 0 0 0 0 0 0 3.086457150170806e-05 3.7627218831260362e-06 0 0 
1.4633877887185887 0 0 0 0 0 0 0 0 3.136477468145039e-05 3.7993273525538781e-06 0 0 
1.4863011653507276 0 0 0 0 0 0 0 0 3.185647109114312e-05 3.8347564738383958e-06 0 0 
1.5089482274491033 0 0 0 0 0 0 0 0 3.2339165247395523e-05 3.8690043742576925e-06 0 0 
1.531307186581043 0 0 0 0 0 0 0 0 3.2812389347345966e-05 3.9020691201614446e-06 0 0 
1.5533579379445732 0 0 0 0 0 0 0 0 3.3275734411574336e-05 3.9339536663427267e-06 0 0 
1.5750807234288329 0 0 0 0 0 0 0 0 3.3728821234381015e-05 3.9646635732346504e-06 0 0 
1.5964546148724605 0 0 0 0 0 0 0 0 3.4171268683121171e-05 3.9942047407088434e-06 0 0 
1.6174589354929487 0 0 0 0 0 0 0 0 3.4602723420962259e-05 4.0225853453467185e-06 0 0 
1.6380748999817794 0 0 0 0 0 0 0 0 3.5022892580837676e-05 4.0498177930379244e-06 0 0 
1.6582841730810431 0 0 0 0 0 0 0 0 3.5431512649487673e-05 4.0759164497170592e-06 0 0 
1.6780671622039587 0 0 0 0 0 0 0 0 3.5828314300632541e-05 4.1008953045785937e-06 0 0 
1.6974045636805786 0 0 0 0 0 0 0 0 3.6213053245608735e-05 4.1247698923369619e-06 0 0 
1.7162792305219048 0 0 0 0 0 0 0 0 3.6585545798170192e-05 4.1475593346275845e-06 0 0 
1.734674576940296 0 0 0 0 0 0 0 0 3.6945635036540605e-05 4.1692840472843857e-06 0 0 
1.752572591590063 0 0 0 0 0 0 0 0 3.7293150866401881e-05 4.1899632676418388e-06 0 0 
1.7699555660616293 0 0 0 0 0 0 0 0 3.762794314936723e-05 4.2096170345982196e-06 0 0 
1.7868083001625017 0 0 0 0 0 0 0 0 3.7949922200176492e-05 4.2282684292354019e-06 0 0 
1.8031162835883003 0 0 0 0 0 0 0 0 3.8259021281810984e-05 4.245941205418268e-06 0 0 
1.8188632899135853 0 0 0 0 0 0 0 0 3.8555149757778816e-05 4.2626570732679253e-06 0 0 
1.834033369679505 0 0 0 0 0 0 0 0 3.883823008502579e-05 4.2784378235988303e-06 0 0 
1.8486135737482039 0 0 0 0 0 0 0 0 3.910824648478061e-05 4.2933079290499744e-06 0 0 
1.8625918110584518 0 0 0 0 0 0 0 0 3.9365202281406774e-05 4.3072920172279725e-06 0 0 
1.8759537837041107 0 0 0 0 0 0 0 0 3.9609062313673725e-05 4.3204117203173031e-06 0 0 
1.8886853689458338 0 0 0 0 0 0 0 0 3.9839796072345308e-05 4.3326880581632746e-06 0 0 
1.9007761860042729 0 0 0 0 0 0 0 0 4.0057440208135541e-05 4.3441446718687403e-06 0 0 
1.9122169744236219 0 0 0 0 0 0 0 0 4.0262048283921757e-05 4.3548050134223828e-06 0 0 
1.9229954140489234 0 0 0 0 0 0 0 0 4.0453614933869938e-05 4.3646883958016585e-06 0 0 
1.9330990898478242 0 0 0 0 0 0 0 0 4.063212856522309e-05 4.3738127995097613e-06 0 0 
1.9425205641662899 0 0 0 0 0 0 0 0 4.0797659012813561e-05 4.3821992762572495e-06 0 0 
1.95125403520237 0 0 0 0 0 0 0 0 4.0950295806361305e-05 4.3898686598793422e-06 0 0 
1.9592890387303059 0 0 0 0 0 0 0 0 4.1090037295042666e-05 4.3968360106263698e-06 0 0 
1.9666142788911265 0 0 0 0 0 0 0 0 4.1216857794685739e-05 4.4031140770911276e-06 0 0 
1.9732258100237337 0 0 0 0 0 0 0 0 4.1330847568715935e-05 4.4087201616342003e-06 0 0 
1.9791226944154592 0 0 0 0 0 0 0 0 4.1432135002807889e-05 4.4136721256959911e-06 0 0 
1.9842958495885588 0 0 0 0 0 0 0 0 4.1520694595189392e-05 4.417979026894581e-06 0 0 
1.9887327933887224 0 0 0 0 0 0 0 0 4.1596429402992486e-05 4.4216452740490549e-06 0 0 
1.9924340489675574 0 0 0 0 0 0 0 0 4.1659449805103018e-05 4.4246840704703584e-06 0 0 
1.995409008349402 0 0 0 0 0 0 0 0 4.1710000127425819e-05 4.4271136909348447e-06 0 0 
1.9976495142321513 0 0 0 0 0 0 0 0 4.1748009618015715e-05 4.4289359245880623e-06 0 0 
1.9991279926791228 0 0 0 0 0 0 0 0 4.1773062793397978e-05 4.4301348340185366e-06 0 0 
1.9998552902127926 0 0 0 0 0 0 0 0 4.1785378630540828e-05 4.4307235678876501e-06 0 0 
2.0061501659563135 0 0 0 0 0 0 0 0 4.1891742508435747e-05 4.4357906036127265e-06 0 0 
2.0370603111372816 0 0 0 0 0 0 0 0 4.2407965792373886e-05 4.4599324315833379e-06 0 0 
2.0998956451335715 0 0 0 0 0 0 0 0 4.3425857639146359e-05 4.5052716635683677e-06 0 0 
2.1951171451504123 0 0 0 0 0 0 0 0 4.4885937003479758e-05 4.5646723363714554e-06 0 0 
2.3215529188788082 0 0 0 0 0 0 0 0 4.6666738388298906e-05 4.6269124853755354e-06 0 0 
2.4788562809792936 0 0 0 0 0 0 0 0 4.8624573886810565e-05 4.6793862041930201e-06 0 0 
2.6674263924862558 0 0 0 0 0 0 0 0 5.0590058888675147e-05 4.7086614032296545e-06 0 0 
2.8872854873429858 0 0 0 0 0 0 0 0 5.2359771550729567e-05 4.7012297592301838e-06 0 0 
3.1379030739913247 0 0 0 0 0 0 0 0 5.3714007684819599e-05 4.6453349209598864e-06 0 0 
3.4188931471271218 0 0 0 0 0 0 0 0 5.4446371200963956e-05 4.532527788796708e-06 0 0 
3.7302158539620009 0 0 0 0 0 0 0 0 5.4386009136191495e-05 4.3584919999103632e-06 0 0 
4.071703503899279 0 0 0 0 0 0 0 0 5.3418026222620154e-05 4.1237921858291311e-06 0 0 
4.4428760229326798 0 0 0 0 0 0 0 0 5.1503779741457469e-05 3.83419010982273e-06 0 0 
4.8432886814674703 0 0 0 0 0 0 0 0 4.8688428819709117e-05 3.4998676881276858e-06 0 0 
5.2726949029207546 0 0 0 0 0 0 0 0 4.5093387621236822e-05 3.1340933648426291e-06 0 0 
5.7307785869960703 0 0 0 0 0 0 0 0 4.0901203504397531e-05 2.7519451740083234e-06 0 0 
6.2170120948183971 0 0 0 0 0 0 0 0 3.633293680346033e-05 2.3688274841466835e-06 0 0 
6.7308718198020614 0 0 0 0 0 0 0 0 3.1618418758792529e-05 1.9987872763935966e-06 0 0 
7.2719641925752931 0 0 0 0 0 0 0 0 2.6969242389912831e-05 1.6532950048417771e-06 0 0 
7.8398480300157942 0 0 0 0 0 0 0 0 2.2561237548861383e-05 1.3407222760456759e-06 0 0 
8.4339231157013366 0 0 0 0 0 0 0 0 1.8524284636161829e-05 1.0661811738309769e-06 0 0 
9.0535817886210381 0 0 0 0 0 0 0 0 1.493842410917037e-05 8.3162857551797421e-07 0 0 
9.6983101786726245 0 0 0 0 0 0 0 0 1.1837946014712146e-05 6.363575580083284e-07 0 0 
10.367557947497232 0 0 0 0 0 0 0 0 9.2211307514614618e-06 4.7772830969296209e-07 0 0 
11.060647243093669 0 0 0 0 0 0 0 0 7.0607373312908923e-06 3.5186202831178153e-07 0 0 
11.776888442380752 0 0 0 0 0 0 0 0 5.3132249734340909e-06 2.5422280787106102e-07 0 0 
12.515664857422319 0 0 0 0 0 0 0 0 3.9268112601446817e-06 1.8011666879714597e-07 0 0 
13.276330480037416 0 0 0 0 0 0 0 0 2.8477558333878008e-06 1.2507105758916479e-07 0 0 
14.058132702819048 0 0 0 0 0 0 0 0 2.024248495309709e-06 8.5059177863115748e-08 0 0 
14.86030604357541 0 0 0 0 0 0 0 0 1.4084958392193343e-06 5.6604792587624048e-08 0 0 
15.682145606331758 0 0 0 0 0 0 0 0 9.5791156101164573e-07 3.6816451244223658e-08 0 0 
16.522922644055669 0 0 0 0 0 0 0 0 6.3570522270737415e-07 2.3370069309362646e-08 0 0 
17.381816750774377 0 0 0 0 0 0 0 0 4.1092997514297657e-07 1.4452709706043025e-08 0 0 
18.257995241549683 0 0 0 0 0 0 0 0 2.5820953057919199e-07 8.6885512788173638e-09 0 0 
19.15067886792043 0 0 0 0 0 0 0 0 1.5732110030491339e-07 5.062563385749546e-09 0 0 
20.059069254274604 0 0 0 0 0 0 0 0 9.2647580589315783e-08 2.8474163168309493e-09 0 0 
20.98228763735564 0 0 0 0 0 0 0 0 5.2510685234613192e-08 1.536809283869021e-09 0 0 
21.919444570305668 0 0 0 0 0 0 0 0 2.8462219379140852e-08 7.8852161435362364e-10 0 0 
22.869700333413107 0 0 0 0 0 0 0 0 1.4602701039849875e-08 3.7837355542506302e-10 0 0 
23.832200472594074 0 0 0 0 0 0 0 0 6.9622260843060229e-09 1.643139971279719e-10 0 0 
24.806018979459978 0 0 0 0 0 0 0 0 2.968578195467561e-09 5.941040924450195e-11 0 0 
25.790221384598713 0 0 0 0 0 0 0 0 1.0194349930711344e-09 1.2412655216896941e-11 0 0 
26.783921670985659 0 0 0 0 0 0 0 0 1.5798365049345204e-10 -5.657097473366792e-12 0 0 
27.786223340774846 0 0 0 0 0 0 0 0 -1.6129627489267182e-10 -1.0415047000513064e-11 0 0 
28.796165416889508 0 0 0 0 0 0 0 0 -2.3363330262846552e-10 -9.8034093224001363e-12 0 0 
29.812781083459363 0 0 0 0 0 0 0 0 -2.0906056706229158e-10 -7.5636751853324524e-12 0 0 
30.835152534547149 0 0 0 0 0 0 0 0 -1.5768748324103198e-10 -5.2642270254170472e-12 0 0 
31.862355685357784 0 0 0 0 0 0 0 0 -1.0828323281534833e-10 -3.4285337415029995e-12 0 0 
32.8934076571216 0 0 0 0 0 0 0 0 -6.9866692087310998e-11 -2.1279707630591587e-12 0 0 
33.927322594880323 0 0 0 0 0 0 0 0 -4.305223297125884e-11 -1.2719934392079178e-12 0 0 
34.963165679551494 0 0 0 0 0 0 0 0 -2.5581610906544465e-11 -7.3721935021444495e-13 0 0 
36 0 0 0 0 0 0 0 0 -1.4750577967564615e-11 -4.1622981869236214e-13 0 0 
37.036834320448506 0 0 0 0 0 0 0 0 -8.290575734561148e-12 -2.2972358386855711e-13 0 0 
38.072677405119677 0 0 0 0 0 0 0 0 -4.5573603149678134e-12 -1.242765870056471e-13 0 0 
39.1065923428784 0 0 0 0 0 0 0 0 -2.4565619504868597e-12 -6.6042369955037104e-14 0 0 
40.137644314642216 0 0 0 0 0 0 0 0 -1.3012159478226404e-12 -3.4537300617880079e-14 0 0 
41.164847465452851 0 0 0 0 0 0 0 0 -6.7852729386882966e-13 -1.7802184837125355e-14 0 0 
42.187218916540637 0 0 0 0 0 0 0 0 -3.4887134876337844e-13 -9.0569840287464432e-15 0 0 
43.203834583110492 0 0 0 0 0 0 0 0 -1.7710578271897952e-13 -4.5535319867356455e-15 0 0 
44.213776659225154 0 0 0 0 0 0 0 0 -8.8878661075753887e-14 -2.2648950964712957e-15 0 0 
45.216078329014337 0 0 0 0 0 0 0 0 -4.414245413254785e-14 -1.1156862569470559e-15 0 0 
46.209778615401291 0 0 0 0 0 0 0 0 -2.1720532678409082e-14 -5.4483040789331061e-16 0 0 
47.193981020540022 0 0 0 0 0 0 0 0 -1.0598727944955377e-14 -2.639954259988708e-16 0 0 
48.167799527405926 0 0 0 0 0 0 0 0 -5.1333037973575496e-15 -1.2703394167210687e-16 0 0 
49.130299666586893 0 0 0 0 0 0 0 0 -2.4699831138803892e-15 -6.0759246357906595e-17 0 0 
50.080555429694328 0 0 0 0 0 0 0 0 -1.1817685320512775e-15 -2.891038824335077e-17 0 0 
51.01771236264436 0 0 0 0 0 0 0 0 -5.6270638539956563e-16 -1.3696550078350081e-17 0 0 
51.940930745725396 0 0 0 0 0 0 0 0 -2.6688562302831265e-16 -6.4665143951744766e-18 0 0 
52.849321132079567 0 0 0 0 0 0 0 0 -1.2621200881326437e-16 -3.0456467604065857e-18 0 0 
53.742004758450321 0 0 0 0 0 0 0 0 -5.9581123143367203e-17 -1.4327082459772345e-18 0 0 
54.618183249225623 0 0 0 0 0 0 0 0 -2.8114082330873862e-17 -6.7407413775920736e-19 0 0 
55.477077355944331 0 0 0 0 0 0 0 0 -1.3282222389450828e-17 -3.1775532244065169e-19 0 0 
56.317854393668242 0 0 0 0 0 0 0 0 -6.2968833321032564e-18 -1.5043211087593412e-19 0 0 
57.139693956424594 0 0 0 0 0 0 0 0 -3.0046188851937854e-18 -7.1748285550201642e-20 0 0 
57.941867297180949 0 0 0 0 0 0 0 0 -1.4486624289088935e-18 -3.4615607141665942e-20 0 0 
58.723669519962584 0 0 0 0 0 0 0 0 -7.0941249034653242e-19 -1.6982673012636017e-20 0 0 
59.484335142577677 0 0 0 0 0 0 0 0 -3.5516996456626427e-19 -8.5283208034109796e-21 0 0 
60.223111557619248 0 0 0 0 0 0 0 0 -1.8319269017727823e-19 -4.4165794834122333e-21 0 0 
60.939352756906331 0 0 0 0 0 0 0 0 -9.8114780145118018e-20 -2.3762606344288391e-21 0 0 
61.632442052502768 0 0 0 0 0 0 0 0 -5.4935556419276386e-20 -1.3363726771253703e-21 0 0 
62.301689821327372 0 0 0 0 0 0 0 0 -3.2289836562545154e-20 -7.8824767899389366e-22 0 0 
62.946418211378962 0 0 0 0 0 0 0 0 -1.9931927114445038e-20 -4.8756678450396331e-22 0 0 
63.566076884298667 0 0 0 0 0 0 0 0 -1.2879145989589559e-20 -3.1516455348489818e-22 0 0 
64.160151969984213 0 0 0 0 0 0 0 0 -8.6623992958766952e-21 -2.1173703369073621e-22 0 0 
64.728035807424703 0 0 0 0 0 0 0 0 -6.0265738129847081e-21 -1.4697316970905395e-22 0 0 
65.269128180197939 0 0 0 0 0 0 0 0 -4.3120150440237982e-21 -1.0484264079415914e-22 0 0 
65.782987905181599 0 0 0 0 0 0 0 0 -3.1582086255712166e-21 -7.652913131401503e-23 0 0 
66.269221413003933 0 0 0 0 0 0 0 0 -2.3599130199931644e-21 -5.6985581981060428e-23 0 0 
66.727305097079238 0 0 0 0 0 0 0 0 -1.7953136914379574e-21 -4.3204098551647968e-23 0 0 
67.15671131853253 0 0 0 0 0 0 0 0 -1.3889156521881734e-21 -3.33162322260051e-23 0 0 
67.55712397706732 0 0 0 0 0 0 0 0 -1.0920604121514436e-21 -2.6117220851489483e-23 0 0 
67.928296496100728 0 0 0 0 0 0 0 0 -8.7253565715332091e-22 -2.0810368350982235e-23 0 0 
68.269784146038006 0 0 0 0 0 0 0 0 -7.0860261692237657e-22 -1.6859126915060317e-23 0 0 
68.581106852872878 0 0 0 0 0 0 0 0 -5.8521811694668595e-22 -1.3893260278581592e-23 0 0 
68.862096926008675 0 0 0 0 0 0 0 0 -4.9170752711759558e-22 -1.1650947352566831e-23 0 0 
69.112714512657021 0 0 0 0 0 0 0 0 -4.2047220208459338e-22 -9.9464433687690702e-24 0 0 
69.332573607513751 0 0 0 0 0 0 0 0 -3.6616512583592577e-22 -8.6494200760684639e-24 0 0 
69.521143719020699 0 0 0 0 0 0 0 0 -3.2496059719950871e-22 -7.666893454897955e-24 0 0 
69.678447081121192 0 0 0 0 0 0 0 0 -2.9399477998810826e-22 -6.9294893189462344e-24 0 0 
69.804882854849581 0 0 0 0 0 0 0 0 -2.7115691852103399e-22 -6.386223271032137e-24 0 0 
69.900104354866428 0 0 0 0 0 0 0 0 -2.5507932928520095e-22 -6.0040867594925983e-24 0 0 
69.962939688862718 0 0 0 0 0 0 0 0 -2.4496974570765782e-22 -5.7639399083743647e-24 0 0 
69.993849834043687 0 0 0 0 0 0 0 0 -2.4013720057727611e-22 -5.6491853673003978e-24 0 0 
