Momentum Spectrum, a: 1nm    v: 0.5c   b: 2.5nm    Lmax: 5 

         w(au)                   dpEdwx                 dpHdwx                 dpEdwz                dpHdwz                  dpEsdwx                dpHsdwx                dpEsdwz                dpHsdwz              dpEedwx                dpHedwx                dpEedwz                dpHedwz
2.7133085101382903e-05 0 0 0 0 0 0 0 0 1.1911799668837278e-27 -1.7749370367472766e-30 0 0 
0.00016350137266446518 0 0 0 0 0 0 0 0 3.010293214323381e-27 3.1554436208840472e-30 0 0 
0.00044071608147164265 0 0 0 0 0 0 0 0 6.2351565948668773e-27 4.1020767071492614e-29 0 0 
0.00086081093448711621 0 0 0 0 0 0 0 0 1.3858708382922735e-26 -1.1990685759359379e-28 0 0 
0.0014186158185829911 0 0 0 0 0 0 0 0 2.7010597394767444e-26 -2.2088105346188331e-28 0 0 
0.0021126012396145422 0 0 0 0 0 0 0 0 7.5579185607414699e-26 -3.7865323450608567e-28 0 0 
0.0029445282021452468 0 0 0 0 0 0 0 0 7.7043311447504897e-26 4.7962743037437518e-28 0 0 
0.003914494797101431 0 0 0 0 0 0 0 0 5.5434833531690942e-26 -3.2816613657194091e-28 0 0 
0.0050201606205499683 0 0 0 0 0 0 0 0 -2.4233807008389483e-27 3.5340968553901329e-28 0 0 
0.0062598227079137536 0 0 0 0 0 0 0 0 5.8363085211871337e-26 -2.0194839173657902e-28 0 0 
0.0076333052380676558 0 0 0 0 0 0 0 0 1.5933728108016085e-25 -1.3631516442219084e-27 0 0 
0.0091398683995556618 0 0 0 0 0 0 0 0 1.0481121531128451e-25 1.868022623563356e-27 0 0 
0.010777394218820652 0 0 0 0 0 0 0 0 9.8550815167450563e-26 2.473867798773093e-27 0 0 
0.012543920653532964 0 0 0 0 0 0 0 0 -7.2701421025168448e-27 1.3126645462877636e-27 0 0 
0.014438359865826866 0 0 0 0 0 0 0 0 -4.4428646182047385e-27 2.0194839173657902e-28 0 0 
0.016459317295570902 0 0 0 0 0 0 0 0 1.9952501103574007e-25 -1.0097419586828951e-27 0 0 
0.018604465124198805 0 0 0 0 0 0 0 0 -9.289626019882635e-27 -1.2116903504194741e-27 0 0 
0.020871493322656143 0 0 0 0 0 0 0 0 2.108341209729885e-25 -2.6253290925755273e-27 0 0 
0.02325866555547923 0 0 0 0 0 0 0 0 2.512237993203043e-25 -5.0487097934144756e-27 0 0 
0.025764035426540266 0 0 0 0 0 0 0 0 2.0194839173657902e-25 -2.6253290925755273e-27 0 0 
0.028384954922211783 0 0 0 0 0 0 0 0 4.0632016417399699e-25 -2.0194839173657902e-28 0 0 
0.03111874318509282 0 0 0 0 0 0 0 0 8.0779356694631609e-27 7.2701421025168448e-27 0 0 
0.03396313314120275 0 0 0 0 0 0 0 0 -3.2311742677852644e-27 4.4428646182047385e-27 0 0 
0.036915696827193673 0 0 0 0 0 0 0 0 6.1149973017836128e-25 5.4526065768876336e-27 0 0 
0.039973443719530891 0 0 0 0 0 0 0 0 5.9938282667416654e-25 1.6761716514136059e-26 0 0 
0.043133331363444494 0 0 0 0 0 0 0 0 5.5899314832685073e-25 -1.8377303648028691e-26 0 0 
0.046392639076863182 0 0 0 0 0 0 0 0 -3.5542916945637908e-26 -8.885729236409477e-27 0 0 
0.04974851682369448 0 0 0 0 0 0 0 0 3.3442653671577486e-25 1.2520800287667899e-26 0 0 
0.053197644277142853 0 0 0 0 0 0 0 0 4.0066560920537278e-25 -3.6350710512584224e-27 0 0 
0.056736644309891504 0 0 0 0 0 0 0 0 4.0874354487483594e-25 -8.4818324529363189e-27 0 0 
0.060362407086757761 0 0 0 0 0 0 0 0 -3.715850407953054e-26 6.0584517520973707e-27 0 0 
0.06407171754730441 0 0 0 0 0 0 0 0 3.7966297646476856e-25 1.0097419586828951e-26 0 0 
0.067860956253416371 0 0 0 0 0 0 0 0 3.4412005951913065e-25 2.3022116657970009e-26 0 0 
0.071726449595072114 0 0 0 0 0 0 0 0 4.0712795774094331e-25 4.0389678347315804e-27 0 0 
0.075664759711413662 0 0 0 0 0 0 0 0 7.3347655878725501e-25 4.0389678347315804e-27 0 0 
0.079672364357093836 0 0 0 0 0 0 0 0 1.1793786077416215e-24 2.8272774843121063e-27 0 0 
0.083745386635392521 0 0 0 0 0 0 0 0 3.6512269225973487e-25 4.0389678347315804e-27 0 0 
0.087879902516054403 0 0 0 0 0 0 0 0 7.1408951318054342e-25 -8.0779356694631609e-27 0 0 
0.092072207353293106 0 0 0 0 0 0 0 0 -4.5236439748993701e-26 -4.0389678347315804e-27 0 0 
0.09631853149673858 0 0 0 0 0 0 0 0 -5.4929962552349494e-26 -1.1309109937248425e-26 0 0 
0.10061478961526461 0 0 0 0 0 0 0 0 1.2375397445617562e-24 -2.0194839173657902e-26 0 0 
0.1049568590497002 0 0 0 0 0 0 0 0 1.1955344790805478e-24 -2.0194839173657902e-26 0 0 
0.10934083090140731 0 0 0 0 0 0 0 0 8.788794008375919e-25 -4.0389678347315804e-27 0 0 
0.11376275003283018 0 0 0 0 0 0 0 0 -9.6935228033557931e-27 2.261821987449685e-26 0 0 
0.1182183768392184 0 0 0 0 0 0 0 0 7.9163769560738977e-25 -2.9888361977013695e-26 0 0 
0.12270344595643837 0 0 0 0 0 0 0 0 1.2116903504194741e-24 3.3927329811745276e-26 0 0 
0.12721390824064918 0 0 0 0 0 0 0 0 1.234308570293971e-24 -4.9275407583725281e-26 0 0 
0.13174568684716667 0 0 0 0 0 0 0 0 3.5542916945637908e-25 -2.1002632740604218e-26 0 0 
0.13629444554612472 0 0 0 0 0 0 0 0 7.981000441429603e-25 -1.2924697071141057e-26 0 0 
0.14085583497741319 0 0 0 0 0 0 0 0 8.1425591548188662e-25 -9.6935228033557931e-27 0 0 
0.14542573093919775 0 0 0 0 0 0 0 0 7.7548182426846345e-26 -7.2701421025168448e-27 0 0 
0.14999999999999999 0 0 0 0 0 0 0 0 -7.1085833891275816e-26 -4.3620852615101069e-26 0 0 
0.15457426906080224 0 0 0 0 0 0 0 0 9.8227697740672036e-25 -1.454028420503369e-26 0 0 
0.1591441650225868 0 0 0 0 0 0 0 0 8.6595470376645085e-25 4.8467614016778965e-27 0 0 
0.16370555445387527 0 0 0 0 0 0 0 0 1.6543612251060553e-24 -4.3620852615101069e-26 0 0 
0.16825431315283332 0 0 0 0 0 0 0 0 7.4963243012618133e-25 -6.4623485355705287e-27 0 0 
0.17278609175935081 0 0 0 0 0 0 0 0 1.5251142543946448e-24 -6.7854659623490551e-26 0 0 
0.17729655404356162 0 0 0 0 0 0 0 0 9.5642758326443825e-25 -8.0779356694631609e-27 0 0 
0.18178162316078159 0 0 0 0 0 0 0 0 6.2038545941477076e-25 -4.4428646182047385e-26 0 0 
0.18623724996716981 0 0 0 0 0 0 0 0 8.0779356694631609e-25 -7.1085833891275816e-26 0 0 
0.19065916909859268 0 0 0 0 0 0 0 0 8.9180409790873296e-25 -3.715850407953054e-26 0 0 
0.19504314095029979 0 0 0 0 0 0 0 0 1.809457589959748e-25 0 0 0 
0.19938521038473539 0 0 0 0 0 0 0 0 9.7581462887114984e-25 -1.6155871338926322e-27 0 0 
0.20368146850326141 0 0 0 0 0 0 0 0 5.4929962552349494e-25 -8.0779356694631609e-27 0 0 
0.20792779264670688 0 0 0 0 0 0 0 0 1.6608235736416259e-24 -2.4233807008389483e-26 0 0 
0.21212009748394559 0 0 0 0 0 0 0 0 -1.9387045606711586e-26 6.4623485355705287e-27 0 0 
0.21625461336460747 0 0 0 0 0 0 0 0 -1.357093192469811e-25 2.7464981276174747e-26 0 0 
0.22032763564290614 0 0 0 0 0 0 0 0 2.2747466845208261e-24 4.2005265481208437e-26 0 0 
0.22433524028858631 0 0 0 0 0 0 0 0 1.9710163033490113e-24 3.0696155543960011e-26 0 0 
0.22827355040492786 0 0 0 0 0 0 0 0 8.336429610885982e-25 -3.0696155543960011e-26 0 0 
0.23213904374658362 0 0 0 0 0 0 0 0 -2.5849394142282115e-25 -1.6155871338926322e-26 0 0 
0.23592828245269559 0 0 0 0 0 0 0 0 1.7448341046040428e-25 4.2005265481208437e-26 0 0 
0.23963759291324221 0 0 0 0 0 0 0 0 7.1085833891275816e-25 -2.7464981276174747e-26 0 0 
0.24326335569010848 0 0 0 0 0 0 0 0 -1.0985992510469899e-25 -3.2311742677852644e-27 0 0 
0.24680235572285714 0 0 0 0 0 0 0 0 6.2038545941477076e-25 2.261821987449685e-26 0 0 
0.25025148317630552 0 0 0 0 0 0 0 0 -2.261821987449685e-25 1.6155871338926322e-27 0 0 
0.25360736092313679 0 0 0 0 0 0 0 0 3.9420326066980225e-25 -2.9080568410067379e-26 0 0 
0.2568666686365555 0 0 0 0 0 0 0 0 8.7241705230202138e-25 0 0 0 
0.26002655628046911 0 0 0 0 0 0 0 0 3.1665507824295591e-25 -1.1309109937248425e-26 0 0 
0.26308430317280629 0 0 0 0 0 0 0 0 1.6155871338926322e-24 4.8467614016778965e-27 0 0 
0.26603686685879724 0 0 0 0 0 0 0 0 -2.261821987449685e-25 8.0779356694631609e-27 0 0 
0.26888125681490715 0 0 0 0 0 0 0 0 1.1050615995825604e-24 1.2924697071141057e-26 0 0 
0.27161504507778822 0 0 0 0 0 0 0 0 7.9486886987517503e-25 -2.5849394142282115e-26 0 0 
0.27423596457345972 0 0 0 0 0 0 0 0 1.6478988765704848e-24 -1.2924697071141057e-25 0 0 
0.27674133444452076 0 0 0 0 0 0 0 0 1.7771458472818954e-24 -5.6545549686242126e-26 0 0 
0.27912850667734385 0 0 0 0 0 0 0 0 1.1438356907959836e-24 6.7854659623490551e-26 0 0 
0.28139553487580116 0 0 0 0 0 0 0 0 2.1842738050228387e-24 -1.454028420503369e-26 0 0 
0.28354068270442911 0 0 0 0 0 0 0 0 1.576813042679209e-24 4.8467614016778965e-27 0 0 
0.28556164013417312 0 0 0 0 0 0 0 0 6.7208424769933499e-25 1.454028420503369e-26 0 0 
0.287456079346467 0 0 0 0 0 0 0 0 1.1050615995825604e-24 -6.7854659623490551e-26 0 0 
0.28922260578117931 0 0 0 0 0 0 0 0 1.5186519058590742e-24 -1.6155871338926322e-26 0 0 
0.29086013160044433 0 0 0 0 0 0 0 0 7.2378303598389922e-25 -1.1309109937248425e-26 0 0 
0.29236669476193233 0 0 0 0 0 0 0 0 7.7548182426846345e-26 8.0779356694631609e-27 0 0 
0.29374017729208624 0 0 0 0 0 0 0 0 -1.2924697071141057e-26 -6.7854659623490551e-26 0 0 
0.29497983937945005 0 0 0 0 0 0 0 0 1.357093192469811e-25 -2.4233807008389483e-26 0 0 
0.29608550520289856 0 0 0 0 0 0 0 0 9.3057818912215613e-25 -4.5236439748993701e-26 0 0 
0.29705547179785474 0 0 0 0 0 0 0 0 1.0662875083691372e-24 -4.8467614016778965e-27 0 0 
0.29788739876038545 0 0 0 0 0 0 0 0 1.7771458472818954e-24 -6.6239072489597919e-26 0 0 
0.298581384181417 0 0 0 0 0 0 0 0 5.9453606527248864e-25 -9.0472879497987402e-26 0 0 
0.29913918906551284 0 0 0 0 0 0 0 0 2.4944665347302241e-24 -2.261821987449685e-26 0 0 
0.29955928391852837 0 0 0 0 0 0 0 0 1.9710163033490113e-24 -6.4623485355705287e-26 0 0 
0.29983649862733552 0 0 0 0 0 0 0 0 2.0808762284537102e-24 -5.6545549686242126e-26 0 0 
0.29997286691489861 0 0 0 0 0 0 0 0 1.6349741794993438e-24 5.8161136820134758e-26 0 0 
0.30000059078074809 0 0 0 0 0 0 0 0 1.6995976648550491e-24 -3.3927329811745276e-26 0 0 
0.30000356082818674 0 0 0 0 0 0 0 0 3.1019272970738538e-25 -1.9387045606711586e-26 0 0 
0.30000960107539265 0 0 0 0 0 0 0 0 9.4350288619329719e-25 -8.0779356694631609e-27 0 0 
0.30001876084094969 0 0 0 0 0 0 0 0 -2.0679515313825692e-25 -1.7771458472818954e-26 0 0 
0.30003093563367417 0 0 0 0 0 0 0 0 1.4798778146456511e-24 8.7241705230202138e-26 0 0 
0.30004610295221368 0 0 0 0 0 0 0 0 1.7512964531396133e-24 -4.2005265481208437e-26 0 0 
0.30006431407443207 0 0 0 0 0 0 0 0 2.6107888083704936e-24 -3.715850407953054e-26 0 0 
0.3000855865904401 0 0 0 0 0 0 0 0 2.1971985020939798e-25 9.2088466631880034e-26 0 0 
0.30010988814452072 0 0 0 0 0 0 0 0 1.2730826615073942e-24 1.1632227364026952e-25 0 0 
0.30013720290229112 0 0 0 0 0 0 0 0 -3.5542916945637908e-25 -4.8467614016778965e-27 0 0 
0.30016755019256702 0 0 0 0 0 0 0 0 6.7208424769933499e-25 -6.4623485355705287e-26 0 0 
0.30020093951885418 0 0 0 0 0 0 0 0 1.4992648602523627e-24 0 0 0 
0.30023735358012893 0 0 0 0 0 0 0 0 1.357093192469811e-24 6.7854659623490551e-26 0 0 
0.30027678100656341 0 0 0 0 0 0 0 0 7.1732068744832869e-25 -3.0696155543960011e-26 0 0 
0.30031923113205899 0 0 0 0 0 0 0 0 1.9580916062778702e-24 6.4623485355705287e-26 0 0 
0.30036470895443051 0 0 0 0 0 0 0 0 2.9726803263624432e-25 -1.0662875083691372e-25 0 0 
0.30041320235572655 0 0 0 0 0 0 0 0 1.9904033489557228e-24 -2.1002632740604218e-26 0 0 
0.3004647020007068 0 0 0 0 0 0 0 0 6.4623485355705287e-26 2.4233807008389483e-26 0 0 
0.30051921244176577 0 0 0 0 0 0 0 0 7.3670773305504027e-25 -5.6545549686242126e-26 0 0 
0.30057673584545436 0 0 0 0 0 0 0 0 1.9387045606711586e-26 -3.3927329811745276e-26 0 0 
0.30063726226509496 0 0 0 0 0 0 0 0 2.2036608506295503e-24 -4.2005265481208437e-26 0 0 
0.30070078325932281 0 0 0 0 0 0 0 0 1.0081263715490025e-24 4.8467614016778965e-27 0 0 
0.30076730048515166 0 0 0 0 0 0 0 0 2.3070584271986787e-24 -8.0779356694631609e-26 0 0 
0.30083681409142204 0 0 0 0 0 0 0 0 -1.9387045606711586e-26 2.1002632740604218e-26 0 0 
0.30090931506552177 0 0 0 0 0 0 0 0 4.3297735188322542e-25 -5.169878828456423e-26 0 0 
0.30098479527725086 0 0 0 0 0 0 0 0 8.9180409790873296e-25 -1.1309109937248425e-26 0 0 
0.30106325434740078 0 0 0 0 0 0 0 0 7.431700815906108e-25 -4.6852026882886333e-26 0 0 
0.30114469084704187 0 0 0 0 0 0 0 0 2.5203159288725062e-24 1.2601579644362531e-25 0 0 
0.30122909609124293 0 0 0 0 0 0 0 0 2.3910689581610956e-24 -2.261821987449685e-26 0 0 
0.3013164619346731 0 0 0 0 0 0 0 0 2.2101231991651208e-24 1.1309109937248425e-26 0 0 
0.30140678641540108 0 0 0 0 0 0 0 0 -4.6528909456107807e-25 4.3620852615101069e-26 0 0 
0.30150006678721131 0 0 0 0 0 0 0 0 1.5186519058590742e-24 -2.261821987449685e-26 0 0 
0.30159629435932384 0 0 0 0 0 0 0 0 8.0779356694631609e-25 -1.6155871338926322e-26 0 0 
0.30169546077511855 0 0 0 0 0 0 0 0 9.1119114351544455e-25 -6.3007898221812655e-26 0 0 
0.30179756275556435 0 0 0 0 0 0 0 0 5.0406318577450124e-25 1.1309109937248425e-26 0 0 
0.30190259640313605 0 0 0 0 0 0 0 0 -1.4863401631812216e-25 -6.3007898221812655e-26 0 0 
0.30201055282261291 0 0 0 0 0 0 0 0 -3.2957977531409696e-25 -2.1002632740604218e-26 0 0 
0.30212142332185188 0 0 0 0 0 0 0 0 -1.2924697071141057e-26 -1.0824433797080636e-25 0 0 
0.3022352034731085 0 0 0 0 0 0 0 0 1.8676187267798828e-24 -2.9080568410067379e-26 0 0 
0.3023518883399543 0 0 0 0 0 0 0 0 7.6901947573289292e-25 -1.1147551223859162e-25 0 0 
0.30247146869773511 0 0 0 0 0 0 0 0 1.0985992510469899e-25 3.3927329811745276e-26 0 0 
0.3025939354371715 0 0 0 0 0 0 0 0 -2.1971985020939798e-25 -6.4623485355705287e-26 0 0 
0.30271928309559171 0 0 0 0 0 0 0 0 8.336429610885982e-25 -2.261821987449685e-26 0 0 
0.30284750577789543 0 0 0 0 0 0 0 0 9.3704053765772666e-25 -3.3927329811745276e-26 0 0 
0.30297859384828757 0 0 0 0 0 0 0 0 -5.8161136820134758e-26 8.4010530962416873e-26 0 0 
0.30311253772548813 0 0 0 0 0 0 0 0 7.7548182426846345e-26 -4.6852026882886333e-26 0 0 
0.30324933099307072 0 0 0 0 0 0 0 0 2.2424349418429735e-24 -9.3704053765772666e-26 0 0 
0.30338896685726768 0 0 0 0 0 0 0 0 2.261821987449685e-25 -1.9387045606711586e-26 0 0 
0.30353143521647546 0 0 0 0 0 0 0 0 2.3458325184121019e-24 2.261821987449685e-26 0 0 
0.30367672598016987 0 0 0 0 0 0 0 0 1.2989320556496763e-24 -5.3314375418456862e-26 0 0 
0.30382483183890985 0 0 0 0 0 0 0 0 2.5849394142282115e-25 0 0 0 
0.30397574514708342 0 0 0 0 0 0 0 0 1.1179862966537015e-24 -5.4929962552349494e-26 0 0 
0.3041294553003685 0 0 0 0 0 0 0 0 -2.3910689581610956e-25 -1.6155871338926322e-27 0 0 
0.30428595167385342 0 0 0 0 0 0 0 0 4.7821379163221912e-25 1.0985992510469899e-25 0 0 
0.3044452261125361 0 0 0 0 0 0 0 0 -4.5236439748993701e-25 -2.1002632740604218e-26 0 0 
0.30460727015695027 0 0 0 0 0 0 0 0 1.9257798636000176e-24 -3.2311742677852644e-26 0 0 
0.3047720726753122 0 0 0 0 0 0 0 0 2.5720147171570704e-24 5.4929962552349494e-26 0 0 
0.30493962249179912 0 0 0 0 0 0 0 0 -2.6495628995839168e-25 3.2311742677852644e-27 0 0 
0.30510991064440918 0 0 0 0 0 0 0 0 3.0373038117181485e-25 -9.5319640899665298e-26 0 0 
0.3052829278917657 0 0 0 0 0 0 0 0 1.6155871338926322e-24 6.9470246757383184e-26 0 0 
0.30545866255853232 0 0 0 0 0 0 0 0 4.0066560920537278e-25 -4.8467614016778965e-26 0 0 
0.30563710290779411 0 0 0 0 0 0 0 0 5.7514901966577706e-25 3.2311742677852644e-27 0 0 
0.30581823920302886 0 0 0 0 0 0 0 0 2.0614891828469987e-24 -4.8467614016778965e-26 0 0 
0.30600206144869169 0 0 0 0 0 0 0 0 7.6901947573289292e-25 -7.431700815906108e-26 0 0 
0.30618855741616091 0 0 0 0 0 0 0 0 1.1373733422604131e-24 -5.0083201150671598e-26 0 0 
0.30637771480205561 0 0 0 0 0 0 0 0 9.8227697740672036e-25 -5.8161136820134758e-26 0 0 
0.3065695231235866 0 0 0 0 0 0 0 0 8.4010530962416873e-26 -2.5849394142282115e-26 0 0 
0.3067639716558373 0 0 0 0 0 0 0 0 -2.9080568410067379e-25 -1.6155871338926322e-27 0 0 
0.30696104761198062 0 0 0 0 0 0 0 0 -3.8774091213423172e-26 -5.0083201150671598e-26 0 0 
0.30716073812053796 0 0 0 0 0 0 0 0 5.2991257991678335e-25 8.2394943828524241e-26 0 0 
0.30736303197774273 0 0 0 0 0 0 0 0 9.5642758326443825e-25 2.7464981276174747e-26 0 0 
0.30756791775203129 0 0 0 0 0 0 0 0 -2.3264454728053903e-25 2.5849394142282115e-26 0 0 
0.30777538209719352 0 0 0 0 0 0 0 0 2.2036608506295503e-24 -3.715850407953054e-26 0 0 
0.30798541157500653 0 0 0 0 0 0 0 0 2.7335734305463336e-24 -1.9387045606711586e-26 0 0 
0.30819799428392974 0 0 0 0 0 0 0 0 1.4992648602523627e-24 4.8467614016778965e-27 0 0 
0.3084131181070271 0 0 0 0 0 0 0 0 1.2924697071141057e-25 3.715850407953054e-26 0 0 
0.30863076914050946 0 0 0 0 0 0 0 0 -5.8161136820134758e-26 4.2005265481208437e-26 0 0 
0.30885093338319863 0 0 0 0 0 0 0 0 1.4863401631812216e-24 -6.1392311087920023e-26 0 0 
0.30907359825752045 0 0 0 0 0 0 0 0 1.686672967783908e-24 -7.2701421025168448e-26 0 0 
0.30929875098144011 0 0 0 0 0 0 0 0 6.979336418416171e-25 -1.2924697071141057e-26 0 0 
0.30952637709782327 0 0 0 0 0 0 0 0 5.8161136820134758e-26 -6.6239072489597919e-26 0 0 
0.30975646204835283 0 0 0 0 0 0 0 0 1.8159199384953186e-24 8.0779356694631609e-27 0 0 
0.30998899260014878 0 0 0 0 0 0 0 0 1.1438356907959836e-24 -1.2924697071141057e-26 0 0 
0.3102239553256797 0 0 0 0 0 0 0 0 1.6737482707127669e-24 3.8774091213423172e-26 0 0 
0.31046133522072034 0 0 0 0 0 0 0 0 -1.5509636485369269e-25 -8.4010530962416873e-26 0 0 
0.31070111717734966 0 0 0 0 0 0 0 0 2.7206487334751926e-24 -3.715850407953054e-26 0 0 
0.31094328732742715 0 0 0 0 0 0 0 0 -8.4010530962416873e-26 2.261821987449685e-26 0 0 
0.31118783161709973 0 0 0 0 0 0 0 0 5.9453606527248864e-25 6.7854659623490551e-26 0 0 
0.31143473450301623 0 0 0 0 0 0 0 0 -1.6155871338926322e-25 -7.2701421025168448e-26 0 0 
0.31168398033666844 0 0 0 0 0 0 0 0 -2.7141863849396221e-25 1.7771458472818954e-26 0 0 
0.31193555463426204 0 0 0 0 0 0 0 0 8.788794008375919e-25 -5.4929962552349494e-26 0 0 
0.31218944273455362 0 0 0 0 0 0 0 0 2.2230478962362619e-24 -6.3007898221812655e-26 0 0 
0.31244562856450336 0 0 0 0 0 0 0 0 2.1842738050228387e-24 3.8774091213423172e-26 0 0 
0.31270409594532783 0 0 0 0 0 0 0 0 6.074607623436297e-25 -1.7771458472818954e-26 0 0 
0.31296482979693069 0 0 0 0 0 0 0 0 6.5915955062819393e-25 -2.1002632740604218e-26 0 0 
0.31322781486950368 0 0 0 0 0 0 0 0 -5.169878828456423e-25 -6.4623485355705287e-26 0 0 
0.31349303457104072 0 0 0 0 0 0 0 0 -2.7141863849396221e-25 4.8467614016778965e-27 0 0 
0.31376047220394265 0 0 0 0 0 0 0 0 2.3781442610899546e-24 -1.3086255784530321e-25 0 0 
0.31403011211104542 0 0 0 0 0 0 0 0 1.2666203129718236e-24 5.169878828456423e-26 0 0 
0.31430193847279941 0 0 0 0 0 0 0 0 -7.7548182426846345e-26 -2.4233807008389483e-26 0 0 
0.31457593419009189 0 0 0 0 0 0 0 0 2.6366382025127757e-24 -9.5319640899665298e-26 0 0 
0.31485208205899384 0 0 0 0 0 0 0 0 1.7189847104617606e-24 -4.2005265481208437e-26 0 0 
0.31513036586449461 0 0 0 0 0 0 0 0 1.5121895573235037e-24 8.4010530962416873e-26 0 0 
0.31541076923620442 0 0 0 0 0 0 0 0 1.7706834987463249e-24 -5.0083201150671598e-26 0 0 
0.31569327458077889 0 0 0 0 0 0 0 0 -1.2924697071141057e-26 9.5319640899665298e-26 0 0 
0.31597786420137325 0 0 0 0 0 0 0 0 1.5638883456080679e-24 -1.7771458472818954e-26 0 0 
0.31626452134441668 0 0 0 0 0 0 0 0 1.809457589959748e-25 -2.261821987449685e-26 0 0 
0.31655322910771699 0 0 0 0 0 0 0 0 -2.1971985020939798e-25 4.0389678347315804e-26 0 0 
0.31684396941748982 0 0 0 0 0 0 0 0 1.2924697071141057e-25 1.9387045606711586e-26 0 0 
0.31713672409823351 0 0 0 0 0 0 0 0 1.809457589959748e-24 -4.5236439748993701e-26 0 0 
0.3174314758772282 0 0 0 0 0 0 0 0 6.8500894477047604e-25 1.7771458472818954e-26 0 0 
0.31772820733969809 0 0 0 0 0 0 0 0 -3.3604212384966749e-25 -6.1392311087920023e-26 0 0 
0.31802689994604366 0 0 0 0 0 0 0 0 2.4944665347302241e-24 3.8774091213423172e-26 0 0 
0.31832753505713929 0 0 0 0 0 0 0 0 2.3910689581610956e-24 -8.0779356694631609e-27 0 0 
0.31863009490069605 0 0 0 0 0 0 0 0 2.7788098702953273e-24 -7.1085833891275816e-26 0 0 
0.31893456156878719 0 0 0 0 0 0 0 0 1.3312437983275289e-24 -2.9080568410067379e-26 0 0 
0.31924091607138455 0 0 0 0 0 0 0 0 1.2149215246872594e-24 5.3314375418456862e-26 0 0 
0.31954913932148515 0 0 0 0 0 0 0 0 -1.1632227364026952e-25 -4.6852026882886333e-26 0 0 
0.31985921306701176 0 0 0 0 0 0 0 0 -1.2924697071141057e-26 -8.0779356694631609e-27 0 0 
0.3201711189265562 0 0 0 0 0 0 0 0 6.4623485355705287e-25 5.8161136820134758e-26 0 0 
0.32048483747574891 0 0 0 0 0 0 0 0 1.2795450100429647e-24 -1.5186519058590742e-25 0 0 
0.32080034919611577 0 0 0 0 0 0 0 0 2.1842738050228387e-24 -8.5626118096309505e-26 0 0 
0.32111763537579568 0 0 0 0 0 0 0 0 -1.2924697071141057e-26 -7.2701421025168448e-26 0 0 
0.32143667717982172 0 0 0 0 0 0 0 0 4.0066560920537278e-25 -3.2311742677852644e-27 0 0 
0.32175745476621653 0 0 0 0 0 0 0 0 2.3781442610899546e-24 6.1392311087920023e-26 0 0 
0.32207994820205293 0 0 0 0 0 0 0 0 -1.2924697071141057e-26 8.2394943828524241e-26 0 0 
0.32240413833593007 0 0 0 0 0 0 0 0 8.4010530962416873e-25 -1.6155871338926322e-26 0 0 
0.32273000589950696 0 0 0 0 0 0 0 0 6.074607623436297e-25 -3.8774091213423172e-26 0 0 
0.32305753065053078 0 0 0 0 0 0 0 0 1.2795450100429647e-24 9.6935228033557931e-27 0 0 
0.32338669225920808 0 0 0 0 0 0 0 0 2.4169183523033777e-24 -1.1309109937248425e-26 0 0 
0.32371747115509103 0 0 0 0 0 0 0 0 5.169878828456423e-25 7.7548182426846345e-26 0 0 
0.32404984765691663 0 0 0 0 0 0 0 0 7.4963243012618133e-25 -6.6239072489597919e-26 0 0 
0.32438380114004395 0 0 0 0 0 0 0 0 1.5251142543946448e-24 -1.1793786077416215e-25 0 0 
0.32471931089592931 0 0 0 0 0 0 0 0 1.8740810753154533e-24 -1.1309109937248425e-26 0 0 
0.3250563569558238 0 0 0 0 0 0 0 0 2.6495628995839168e-24 -8.7241705230202138e-26 0 0 
0.32539491924626252 0 0 0 0 0 0 0 0 -5.169878828456423e-26 -2.4233807008389483e-26 0 0 
0.3257349767786189 0 0 0 0 0 0 0 0 2.8692827497933147e-24 5.4929962552349494e-26 0 0 
0.32607650848420761 0 0 0 0 0 0 0 0 1.4217166778255163e-25 9.5319640899665298e-26 0 0 
0.32641949401697845 0 0 0 0 0 0 0 0 -1.2924697071141057e-25 -4.8467614016778965e-26 0 0 
0.32676391293224999 0 0 0 0 0 0 0 0 2.93390623514902e-24 -3.2311742677852644e-27 0 0 
0.32710974389629088 0 0 0 0 0 0 0 0 5.169878828456423e-26 8.0779356694631609e-27 0 0 
0.32745696549934095 0 0 0 0 0 0 0 0 6.4623485355705287e-26 5.0083201150671598e-26 0 0 
0.32780555703929937 0 0 0 0 0 0 0 0 1.9387045606711586e-25 4.8467614016778965e-27 0 0 
0.32815549772151353 0 0 0 0 0 0 0 0 1.2278462217584005e-24 1.7771458472818954e-26 0 0 
0.32850676588647182 0 0 0 0 0 0 0 0 2.6624875966550578e-24 -9.6935228033557931e-27 0 0 
0.32885933980283194 0 0 0 0 0 0 0 0 1.2924697071141057e-25 5.4929962552349494e-26 0 0 
0.3292131984339382 0 0 0 0 0 0 0 0 -2.4556924435168009e-25 2.4233807008389483e-26 0 0 
0.32956832065666469 0 0 0 0 0 0 0 0 2.261821987449685e-24 -2.5849394142282115e-26 0 0 
0.32992468450545465 0 0 0 0 0 0 0 0 4.5236439748993701e-25 -4.2005265481208437e-26 0 0 
0.3302822679472715 0 0 0 0 0 0 0 0 1.6672859221771964e-24 -6.7854659623490551e-26 0 0 
0.33064104963263763 0 0 0 0 0 0 0 0 1.7319094075329017e-24 2.5849394142282115e-26 0 0 
0.33100100813169403 0 0 0 0 0 0 0 0 1.5121895573235037e-24 1.9387045606711586e-26 0 0 
0.33136212119295427 0 0 0 0 0 0 0 0 -2.5849394142282115e-25 -1.7771458472818954e-26 0 0 
0.33172436650193982 0 0 0 0 0 0 0 0 1.7060600133906196e-24 -9.3704053765772666e-26 0 0 
0.33208772241831169 0 0 0 0 0 0 0 0 -3.8774091213423172e-26 -3.715850407953054e-26 0 0 
0.33245216722744925 0 0 0 0 0 0 0 0 1.0339757656912846e-25 -5.8161136820134758e-26 0 0 
0.33281767841240123 0 0 0 0 0 0 0 0 2.1067256225959924e-24 8.0779356694631609e-27 0 0 
0.33318423339783604 0 0 0 0 0 0 0 0 1.9774786518845818e-24 2.4233807008389483e-26 0 0 
0.33355181027472963 0 0 0 0 0 0 0 0 -7.7548182426846345e-26 3.8774091213423172e-26 0 0 
0.3339203870658895 0 0 0 0 0 0 0 0 1.4217166778255163e-25 4.8467614016778965e-27 0 0 
0.33428994100968523 0 0 0 0 0 0 0 0 2.1971985020939798e-25 -2.261821987449685e-26 0 0 
0.33466044929082917 0 0 0 0 0 0 0 0 2.6237135054416347e-24 -1.9387045606711586e-26 0 0 
0.33503188975399084 0 0 0 0 0 0 0 0 -2.3264454728053903e-25 -1.7771458472818954e-26 0 0 
0.33540424018180082 0 0 0 0 0 0 0 0 2.3264454728053903e-25 -1.454028420503369e-26 0 0 
0.33577747758902715 0 0 0 0 0 0 0 0 2.4944665347302241e-24 -1.6155871338926322e-26 0 0 
0.33615157894160369 0 0 0 0 0 0 0 0 6.979336418416171e-25 -8.7241705230202138e-26 0 0 
0.3365265218604615 0 0 0 0 0 0 0 0 7.7548182426846345e-25 -7.9163769560738977e-26 0 0 
0.33690228391063765 0 0 0 0 0 0 0 0 1.576813042679209e-24 -1.3732490638087374e-25 0 0 
0.3372788419046418 0 0 0 0 0 0 0 0 5.169878828456423e-26 -3.2311742677852644e-27 0 0 
0.33765617261106029 0 0 0 0 0 0 0 0 7.3670773305504027e-25 -1.7609899759429691e-25 0 0 
0.33803425344982685 0 0 0 0 0 0 0 0 1.9774786518845818e-24 -7.1085833891275816e-26 0 0 
0.33841306179114261 0 0 0 0 0 0 0 0 1.7836081958174659e-24 -1.7448341046040428e-25 0 0 
0.3387925742668389 0 0 0 0 0 0 0 0 9.3057818912215613e-25 -1.6155871338926322e-27 0 0 
0.33917276746981306 0 0 0 0 0 0 0 0 -5.2991257991678335e-25 0 0 0 
0.33955361864189998 0 0 0 0 0 0 0 0 5.5576197405906547e-25 -1.2924697071141057e-26 0 0 
0.33993510498137897 0 0 0 0 0 0 0 0 2.3522948669476725e-24 -1.5509636485369269e-25 0 0 
0.34031720296119455 0 0 0 0 0 0 0 0 6.4623485355705287e-25 8.0779356694631609e-27 0 0 
0.34069988902041393 0 0 0 0 0 0 0 0 -1.5509636485369269e-25 -8.2394943828524241e-26 0 0 
0.34108314024581227 0 0 0 0 0 0 0 0 2.6754122937261989e-24 7.1085833891275816e-26 0 0 
0.3414669336868012 0 0 0 0 0 0 0 0 7.2378303598389922e-25 4.0389678347315804e-26 0 0 
0.34185124567941388 0 0 0 0 0 0 0 0 -5.5576197405906547e-25 4.0389678347315804e-26 0 0 
0.34223605253092126 0 0 0 0 0 0 0 0 5.169878828456423e-26 2.7464981276174747e-26 0 0 
0.3426213311962012 0 0 0 0 0 0 0 0 1.2924697071141057e-26 -3.2311742677852644e-27 0 0 
0.34300705859897329 0 0 0 0 0 0 0 0 1.8482316811731712e-24 -2.5849394142282115e-26 0 0 
0.34339321096049341 0 0 0 0 0 0 0 0 1.5251142543946448e-24 -1.454028420503369e-26 0 0 
0.34377976447841885 0 0 0 0 0 0 0 0 1.7060600133906196e-24 1.6155871338926322e-27 0 0 
0.34416669599899785 0 0 0 0 0 0 0 0 3.8774091213423172e-26 -1.6155871338926322e-27 0 0 
0.3445539823435374 0 0 0 0 0 0 0 0 2.3393701698765314e-24 -1.1309109937248425e-25 0 0 
0.34494159964078214 0 0 0 0 0 0 0 0 2.1842738050228387e-24 -1.6317430052315585e-25 0 0 
0.34532952400108186 0 0 0 0 0 0 0 0 -1.6802106192483375e-25 -3.0696155543960011e-26 0 0 
0.34571773218540963 0 0 0 0 0 0 0 0 -1.9387045606711586e-25 -1.0985992510469899e-25 0 0 
0.34610620093602407 0 0 0 0 0 0 0 0 1.0985992510469899e-24 -6.7854659623490551e-26 0 0 
0.34649490631153163 0 0 0 0 0 0 0 0 2.0679515313825692e-25 -5.4929962552349494e-26 0 0 
0.34688382435737786 0 0 0 0 0 0 0 0 9.0472879497987402e-26 -8.2394943828524241e-26 0 0 
0.3472729317726837 0 0 0 0 0 0 0 0 7.2378303598389922e-25 -9.0472879497987402e-26 0 0 
0.34766220524408964 0 0 0 0 0 0 0 0 2.1842738050228387e-24 -3.3927329811745276e-26 0 0 
0.34805162078251767 0 0 0 0 0 0 0 0 2.8434333556510326e-25 -3.8774091213423172e-26 0 0 
0.34844115439098466 0 0 0 0 0 0 0 0 -1.2924697071141057e-25 -9.0472879497987402e-26 0 0 
0.3488307827302316 0 0 0 0 0 0 0 0 -1.2924697071141057e-25 -7.7548182426846345e-26 0 0 
0.34922048245475812 0 0 0 0 0 0 0 0 1.5897377397503501e-24 -3.8774091213423172e-26 0 0 
0.34961022955031085 0 0 0 0 0 0 0 0 2.0421021372402871e-24 -1.2924697071141057e-26 0 0 
0.34999999999999998 0 0 0 0 0 0 0 0 2.1067256225959924e-24 -2.4233807008389483e-26 0 0 
0.35038977044968911 0 0 0 0 0 0 0 0 2.5590900200859294e-24 -1.1309109937248425e-26 0 0 
0.35077951754524184 0 0 0 0 0 0 0 0 3.7481621506309067e-25 -2.4233807008389483e-26 0 0 
0.35116921726976835 0 0 0 0 0 0 0 0 5.169878828456423e-25 -7.5932595292953712e-26 0 0 
0.35155884560901529 0 0 0 0 0 0 0 0 2.5849394142282115e-26 9.6935228033557931e-27 0 0 
0.35194837921748229 0 0 0 0 0 0 0 0 2.1325750167382745e-24 -1.7771458472818954e-26 0 0 
0.35233779475591032 0 0 0 0 0 0 0 0 4.9113848870336018e-25 3.0696155543960011e-26 0 0 
0.35272706822731625 0 0 0 0 0 0 0 0 5.5576197405906547e-25 -5.6545549686242126e-26 0 0 
0.3531161756426221 0 0 0 0 0 0 0 0 1.4217166778255163e-25 -1.1632227364026952e-25 0 0 
0.35350509368846833 0 0 0 0 0 0 0 0 7.4963243012618133e-25 -6.9470246757383184e-26 0 0 
0.35389379906397589 0 0 0 0 0 0 0 0 1.796532892888607e-24 -1.6963664905872638e-25 0 0 
0.35428226781459032 0 0 0 0 0 0 0 0 1.0081263715490025e-24 6.1392311087920023e-26 0 0 
0.3546704759989181 0 0 0 0 0 0 0 0 8.1425591548188662e-25 -4.3620852615101069e-26 0 0 
0.35505840035921782 0 0 0 0 0 0 0 0 1.6026624368214911e-24 1.6155871338926322e-26 0 0 
0.35544601765646255 0 0 0 0 0 0 0 0 1.2536956159006826e-24 -1.0178198943523583e-25 0 0 
0.3558333040010021 0 0 0 0 0 0 0 0 2.6107888083704936e-24 -9.0472879497987402e-26 0 0 
0.35622023552158111 0 0 0 0 0 0 0 0 6.074607623436297e-25 -1.1309109937248425e-25 0 0 
0.35660678903950654 0 0 0 0 0 0 0 0 1.8482316811731712e-24 -2.1002632740604218e-26 0 0 
0.35699294140102666 0 0 0 0 0 0 0 0 3.3604212384966749e-25 -4.5236439748993701e-26 0 0 
0.35737866880379876 0 0 0 0 0 0 0 0 9.9520167447786142e-25 -9.0472879497987402e-26 0 0 
0.35776394746907869 0 0 0 0 0 0 0 0 6.7208424769933499e-25 5.9776723954027391e-26 0 0 
0.35814875432058607 0 0 0 0 0 0 0 0 -5.169878828456423e-26 -9.5319640899665298e-26 0 0 
0.35853306631319876 0 0 0 0 0 0 0 0 1.809457589959748e-25 9.6935228033557931e-27 0 0 
0.35891685975418769 0 0 0 0 0 0 0 0 1.4087919807543753e-24 -1.0339757656912846e-25 0 0 
0.35930011097958603 0 0 0 0 0 0 0 0 -6.4623485355705287e-26 -7.5932595292953712e-26 0 0 
0.3596827970388054 0 0 0 0 0 0 0 0 2.248897290378544e-24 -1.2924697071141057e-26 0 0 
0.36006489501862099 0 0 0 0 0 0 0 0 1.6026624368214911e-24 -7.5932595292953712e-26 0 0 
0.36044638135809998 0 0 0 0 0 0 0 0 3.8774091213423172e-26 3.2311742677852644e-27 0 0 
0.36082723253018689 0 0 0 0 0 0 0 0 1.0339757656912846e-25 2.4233807008389483e-26 0 0 
0.36120742573316106 0 0 0 0 0 0 0 0 2.481541837659083e-24 3.8774091213423172e-26 0 0 
0.36158693820885734 0 0 0 0 0 0 0 0 1.4734154661100805e-24 2.261821987449685e-26 0 0 
0.36196574655017311 0 0 0 0 0 0 0 0 2.3393701698765314e-24 -1.2601579644362531e-25 0 0 
0.36234382738893967 0 0 0 0 0 0 0 0 1.2666203129718236e-24 -3.2311742677852644e-26 0 0 
0.36272115809535815 0 0 0 0 0 0 0 0 2.1454997138094155e-24 -5.8161136820134758e-26 0 0 
0.36309771608936231 0 0 0 0 0 0 0 0 -7.7548182426846345e-26 -7.7548182426846345e-26 0 0 
0.36347347813953845 0 0 0 0 0 0 0 0 2.3652195640188135e-24 -1.1147551223859162e-25 0 0 
0.36384842105839627 0 0 0 0 0 0 0 0 2.5073912318013651e-24 -5.8161136820134758e-26 0 0 
0.3642225224109728 0 0 0 0 0 0 0 0 1.4217166778255163e-25 -3.0696155543960011e-26 0 0 
0.36459575981819914 0 0 0 0 0 0 0 0 1.6414365280349143e-24 3.0696155543960011e-26 0 0 
0.36496811024600911 0 0 0 0 0 0 0 0 1.6802106192483375e-24 3.2311742677852644e-26 0 0 
0.36533955070917079 0 0 0 0 0 0 0 0 -1.4217166778255163e-25 8.0779356694631609e-26 0 0 
0.36571005899031472 0 0 0 0 0 0 0 0 2.3264454728053903e-24 -3.2311742677852644e-26 0 0 
0.36607961293411045 0 0 0 0 0 0 0 0 1.6026624368214911e-24 9.6935228033557931e-27 0 0 
0.36644818972527032 0 0 0 0 0 0 0 0 2.5461653230147883e-24 -1.5024960345201479e-25 0 0 
0.36681576660216392 0 0 0 0 0 0 0 0 1.809457589959748e-25 -2.1810426307550534e-25 0 0 
0.36718232158759873 0 0 0 0 0 0 0 0 1.7319094075329017e-24 -1.6155871338926322e-26 0 0 
0.36754783277255071 0 0 0 0 0 0 0 0 -7.7548182426846345e-26 -6.1392311087920023e-26 0 0 
0.36791227758168826 0 0 0 0 0 0 0 0 2.8046592644376095e-24 -5.4929962552349494e-26 0 0 
0.36827563349806014 0 0 0 0 0 0 0 0 -4.5236439748993701e-25 -4.8467614016778965e-26 0 0 
0.36863787880704568 0 0 0 0 0 0 0 0 2.5203159288725062e-24 -2.7464981276174747e-26 0 0 
0.36899899186830593 0 0 0 0 0 0 0 0 1.0339757656912846e-25 -5.3314375418456862e-26 0 0 
0.36935895036736233 0 0 0 0 0 0 0 0 2.7141863849396221e-24 -8.2394943828524241e-26 0 0 
0.36971773205272845 0 0 0 0 0 0 0 0 2.8046592644376095e-24 -2.5849394142282115e-26 0 0 
0.37007531549454531 0 0 0 0 0 0 0 0 2.3781442610899546e-24 -4.5236439748993701e-26 0 0 
0.37043167934333526 0 0 0 0 0 0 0 0 2.1196503196671334e-24 -4.3620852615101069e-26 0 0 
0.37078680156606175 0 0 0 0 0 0 0 0 2.3393701698765314e-24 1.3894049351476637e-25 0 0 
0.37114066019716802 0 0 0 0 0 0 0 0 2.2747466845208261e-24 -4.5236439748993701e-26 0 0 
0.37149323411352814 0 0 0 0 0 0 0 0 1.9387045606711586e-24 -6.7854659623490551e-26 0 0 
0.37184450227848642 0 0 0 0 0 0 0 0 -3.4896682092080855e-25 -1.0985992510469899e-25 0 0 
0.37219444296070059 0 0 0 0 0 0 0 0 2.6754122937261989e-24 -3.5542916945637908e-26 0 0 
0.37254303450065901 0 0 0 0 0 0 0 0 2.5203159288725062e-24 5.8161136820134758e-26 0 0 
0.37289025610370907 0 0 0 0 0 0 0 0 2.8434333556510326e-25 -1.6155871338926322e-25 0 0 
0.37323608706774997 0 0 0 0 0 0 0 0 2.1067256225959924e-24 -6.4623485355705287e-27 0 0 
0.3735805059830215 0 0 0 0 0 0 0 0 1.6285118309637732e-24 -5.4929962552349494e-26 0 0 
0.37392349151579235 0 0 0 0 0 0 0 0 1.3053944041852468e-24 -4.5236439748993701e-26 0 0 
0.37426502322138105 0 0 0 0 0 0 0 0 8.4010530962416873e-25 2.5849394142282115e-26 0 0 
0.37460508075373744 0 0 0 0 0 0 0 0 2.1067256225959924e-24 -1.2924697071141057e-26 0 0 
0.37494364304417616 0 0 0 0 0 0 0 0 2.468617140587942e-24 -6.1392311087920023e-26 0 0 
0.37528068910407064 0 0 0 0 0 0 0 0 2.9468309322201611e-24 -5.4929962552349494e-26 0 0 
0.37561619885995601 0 0 0 0 0 0 0 0 2.468617140587942e-24 -7.431700815906108e-26 0 0 
0.37595015234308332 0 0 0 0 0 0 0 0 2.3264454728053903e-24 -5.4929962552349494e-26 0 0 
0.37628252884490893 0 0 0 0 0 0 0 0 1.3053944041852468e-24 -1.001664023013432e-25 0 0 
0.37661330774079188 0 0 0 0 0 0 0 0 1.5121895573235037e-24 -1.2924697071141057e-26 0 0 
0.37694246934946918 0 0 0 0 0 0 0 0 2.4039936552322367e-24 -2.261821987449685e-26 0 0 
0.377269994100493 0 0 0 0 0 0 0 0 -2.8434333556510326e-25 -1.6155871338926322e-26 0 0 
0.37759586166406989 0 0 0 0 0 0 0 0 1.0339757656912846e-25 1.1955344790805478e-25 0 0 
0.37792005179794702 0 0 0 0 0 0 0 0 1.4087919807543753e-24 -3.8774091213423172e-26 0 0 
0.37824254523378342 0 0 0 0 0 0 0 0 1.809457589959748e-25 -6.1392311087920023e-26 0 0 
0.37856332282017824 0 0 0 0 0 0 0 0 -4.2651500334765489e-25 -4.2005265481208437e-26 0 0 
0.37888236462420427 0 0 0 0 0 0 0 0 2.2101231991651208e-24 -3.2311742677852644e-27 0 0 
0.37919965080388418 0 0 0 0 0 0 0 0 -3.1019272970738538e-25 -1.2924697071141057e-26 0 0 
0.37951516252425105 0 0 0 0 0 0 0 0 1.8999304694577354e-24 -2.9080568410067379e-26 0 0 
0.37982888107344376 0 0 0 0 0 0 0 0 0 4.2005265481208437e-26 0 0 
0.3801407869329882 0 0 0 0 0 0 0 0 -3.1019272970738538e-25 4.5236439748993701e-26 0 0 
0.3804508606785148 0 0 0 0 0 0 0 0 1.8353069841020302e-24 -3.8774091213423172e-26 0 0 
0.3807590839286154 0 0 0 0 0 0 0 0 2.3652195640188135e-24 1.9387045606711586e-26 0 0 
0.38106543843121277 0 0 0 0 0 0 0 0 7.7548182426846345e-26 -1.1309109937248425e-25 0 0 
0.38136990509930391 0 0 0 0 0 0 0 0 1.4992648602523627e-24 3.2311742677852644e-26 0 0 
0.38167246494286067 0 0 0 0 0 0 0 0 1.5251142543946448e-24 -9.3704053765772666e-26 0 0 
0.38197310005395629 0 0 0 0 0 0 0 0 1.8611563782443123e-24 -7.1085833891275816e-26 0 0 
0.38227179266030187 0 0 0 0 0 0 0 0 2.261821987449685e-24 -3.5542916945637908e-26 0 0 
0.38256852412277176 0 0 0 0 0 0 0 0 2.1971985020939798e-25 -4.2005265481208437e-26 0 0 
0.38286327590176644 0 0 0 0 0 0 0 0 1.7189847104617606e-24 -6.4623485355705287e-26 0 0 
0.38315603058251013 0 0 0 0 0 0 0 0 1.1115239481181309e-24 -6.4623485355705287e-26 0 0 
0.38344677089228296 0 0 0 0 0 0 0 0 1.7448341046040428e-24 2.5849394142282115e-26 0 0 
0.38373547865558327 0 0 0 0 0 0 0 0 2.481541837659083e-24 -3.5542916945637908e-26 0 0 
0.38402213579862671 0 0 0 0 0 0 0 0 1.3829425866120931e-24 -9.6935228033557931e-26 0 0 
0.38430672541922106 0 0 0 0 0 0 0 0 1.6931353163194785e-24 -8.7241705230202138e-26 0 0 
0.38458923076379553 0 0 0 0 0 0 0 0 2.1584244108805566e-24 -3.2311742677852644e-26 0 0 
0.38486963413550535 0 0 0 0 0 0 0 0 -1.4217166778255163e-25 9.6935228033557931e-27 0 0 
0.38514791794100611 0 0 0 0 0 0 0 0 3.8774091213423172e-26 -4.8467614016778965e-26 0 0 
0.38542406580990807 0 0 0 0 0 0 0 0 -1.0339757656912846e-25 -1.9387045606711586e-26 0 0 
0.38569806152720054 0 0 0 0 0 0 0 0 2.4298430493745188e-24 -6.1392311087920023e-26 0 0 
0.38596988788895453 0 0 0 0 0 0 0 0 1.6672859221771964e-24 -9.6935228033557931e-26 0 0 
0.3862395277960573 0 0 0 0 0 0 0 0 1.3312437983275289e-24 -4.8467614016778965e-26 0 0 
0.38650696542895924 0 0 0 0 0 0 0 0 1.4346413748966574e-24 -1.001664023013432e-25 0 0 
0.38677218513049627 0 0 0 0 0 0 0 0 1.8740810753154533e-24 -8.4010530962416873e-26 0 0 
0.38703517020306927 0 0 0 0 0 0 0 0 2.3652195640188135e-24 2.261821987449685e-26 0 0 
0.38729590405467212 0 0 0 0 0 0 0 0 2.6624875966550578e-24 -8.4010530962416873e-26 0 0 
0.38755437143549659 0 0 0 0 0 0 0 0 1.3053944041852468e-24 -9.0472879497987402e-26 0 0 
0.38781055726544633 0 0 0 0 0 0 0 0 2.1971985020939798e-25 -6.7854659623490551e-26 0 0 
0.38806444536573792 0 0 0 0 0 0 0 0 0 -3.2311742677852644e-26 0 0 
0.38831601966333151 0 0 0 0 0 0 0 0 1.5897377397503501e-24 -5.8161136820134758e-26 0 0 
0.38856526549698372 0 0 0 0 0 0 0 0 2.5720147171570704e-24 -2.5849394142282115e-26 0 0 
0.38881216838290023 0 0 0 0 0 0 0 0 1.809457589959748e-24 -2.9080568410067379e-26 0 0 
0.3890567126725728 0 0 0 0 0 0 0 0 2.701261687868481e-24 -3.2311742677852644e-27 0 0 
0.38929888282265029 0 0 0 0 0 0 0 0 2.3652195640188135e-24 -3.5542916945637908e-26 0 0 
0.38953866477927962 0 0 0 0 0 0 0 0 -4.1359030627651384e-25 1.2924697071141057e-26 0 0 
0.38977604467432025 0 0 0 0 0 0 0 0 2.4169183523033777e-24 -7.431700815906108e-26 0 0 
0.39001100739985117 0 0 0 0 0 0 0 0 -3.8774091213423172e-26 -2.5849394142282115e-26 0 0 
0.39024353795164712 0 0 0 0 0 0 0 0 2.481541837659083e-24 4.5236439748993701e-26 0 0 
0.39047362290217669 0 0 0 0 0 0 0 0 2.5849394142282115e-25 -2.261821987449685e-26 0 0 
0.39070124901855985 0 0 0 0 0 0 0 0 1.4087919807543753e-24 3.5542916945637908e-26 0 0 
0.3909264017424795 0 0 0 0 0 0 0 0 3.8774091213423172e-26 5.169878828456423e-26 0 0 
0.39114906661680132 0 0 0 0 0 0 0 0 2.1713491079516976e-24 -1.6155871338926322e-26 0 0 
0.39136923085949049 0 0 0 0 0 0 0 0 1.6802106192483375e-24 -5.8161136820134758e-26 0 0 
0.39158688189297286 0 0 0 0 0 0 0 0 -1.1632227364026952e-25 -6.1392311087920023e-26 0 0 
0.39180200571607021 0 0 0 0 0 0 0 0 -3.8774091213423172e-26 -4.8467614016778965e-26 0 0 
0.39201458842499343 0 0 0 0 0 0 0 0 2.0808762284537102e-24 -3.8774091213423172e-26 0 0 
0.39222461790280644 0 0 0 0 0 0 0 0 1.9128551665288765e-24 -1.5832753912147795e-25 0 0 
0.39243208224796866 0 0 0 0 0 0 0 0 2.2876713815919672e-24 3.8774091213423172e-26 0 0 
0.39263696802225723 0 0 0 0 0 0 0 0 0 -6.7854659623490551e-26 0 0 
0.392839261879462 0 0 0 0 0 0 0 0 1.4604907690389395e-24 -7.431700815906108e-26 0 0 
0.39303895238801934 0 0 0 0 0 0 0 0 -1.6802106192483375e-25 -3.8774091213423172e-26 0 0 
0.39323602834416266 0 0 0 0 0 0 0 0 1.3312437983275289e-24 -2.5849394142282115e-26 0 0 
0.39343047687641336 0 0 0 0 0 0 0 0 2.0679515313825692e-24 1.2924697071141057e-26 0 0 
0.39362228519794434 0 0 0 0 0 0 0 0 1.809457589959748e-25 -5.4929962552349494e-26 0 0 
0.39381144258383904 0 0 0 0 0 0 0 0 -6.3331015648591181e-25 -8.0779356694631609e-26 0 0 
0.39399793855130827 0 0 0 0 0 0 0 0 -6.8500894477047604e-25 1.2924697071141057e-26 0 0 
0.39418176079697109 0 0 0 0 0 0 0 0 1.7319094075329017e-24 -3.2311742677852644e-27 0 0 
0.39436289709220584 0 0 0 0 0 0 0 0 2.7141863849396221e-25 1.6155871338926322e-26 0 0 
0.39454133744146763 0 0 0 0 0 0 0 0 2.4039936552322367e-24 3.2311742677852644e-27 0 0 
0.39471707210823426 0 0 0 0 0 0 0 0 2.1584244108805566e-24 -6.4623485355705287e-27 0 0 
0.39489008935559078 0 0 0 0 0 0 0 0 -4.2651500334765489e-25 -1.9387045606711586e-26 0 0 
0.39506037750820083 0 0 0 0 0 0 0 0 1.2924697071141057e-26 5.4929962552349494e-26 0 0 
0.39522792732468776 0 0 0 0 0 0 0 0 1.9904033489557228e-24 -1.7125223619261901e-25 0 0 
0.39539272984304968 0 0 0 0 0 0 0 0 -2.8434333556510326e-25 -4.2005265481208437e-26 0 0 
0.39555477388746385 0 0 0 0 0 0 0 0 2.4039936552322367e-24 1.6155871338926322e-26 0 0 
0.39571404832614654 0 0 0 0 0 0 0 0 -7.3670773305504027e-25 5.169878828456423e-26 0 0 
0.39587054469963145 0 0 0 0 0 0 0 0 2.8434333556510326e-24 -9.6935228033557931e-27 0 0 
0.39602425485291654 0 0 0 0 0 0 0 0 1.9645539548134407e-24 3.2311742677852644e-27 0 0 
0.39617516816109011 0 0 0 0 0 0 0 0 2.9597556292913021e-24 -2.261821987449685e-26 0 0 
0.39632327401983009 0 0 0 0 0 0 0 0 2.3910689581610956e-24 -7.431700815906108e-26 0 0 
0.39646856478352449 0 0 0 0 0 0 0 0 1.5251142543946448e-24 -1.9387045606711586e-26 0 0 
0.39661103314273227 0 0 0 0 0 0 0 0 -2.9726803263624432e-25 5.8161136820134758e-26 0 0 
0.39675066900692924 0 0 0 0 0 0 0 0 -1.9387045606711586e-25 -1.9387045606711586e-26 0 0 
0.39688746227451183 0 0 0 0 0 0 0 0 -2.8434333556510326e-25 -2.9080568410067379e-26 0 0 
0.39702140615171239 0 0 0 0 0 0 0 0 -7.4963243012618133e-25 -1.1632227364026952e-25 0 0 
0.39715249422210452 0 0 0 0 0 0 0 0 -2.9726803263624432e-25 -2.5849394142282115e-26 0 0 
0.39728071690440825 0 0 0 0 0 0 0 0 5.169878828456423e-26 3.2311742677852644e-26 0 0 
0.39740606456282845 0 0 0 0 0 0 0 0 2.3652195640188135e-24 -4.2005265481208437e-26 0 0 
0.39752853130226484 0 0 0 0 0 0 0 0 2.7400357790819042e-24 -4.8467614016778965e-26 0 0 
0.39764811166004566 0 0 0 0 0 0 0 0 -3.8774091213423172e-26 9.6935228033557931e-27 0 0 
0.39776479652689145 0 0 0 0 0 0 0 0 2.6107888083704936e-24 -7.7548182426846345e-26 0 0 
0.39787857667814808 0 0 0 0 0 0 0 0 2.6366382025127757e-24 -1.6155871338926322e-26 0 0 
0.39798944717738705 0 0 0 0 0 0 0 0 2.3005960786631082e-24 -1.001664023013432e-25 0 0 
0.39809740359686391 0 0 0 0 0 0 0 0 2.5332406259436473e-24 3.8774091213423172e-26 0 0 
0.3982024372444356 0 0 0 0 0 0 0 0 2.5849394142282115e-24 1.1955344790805478e-25 0 0 
0.3983045392248814 0 0 0 0 0 0 0 0 -1.2924697071141057e-25 -9.0472879497987402e-26 0 0 
0.39840370564067612 0 0 0 0 0 0 0 0 2.8175839615087505e-24 -3.8774091213423172e-26 0 0 
0.39849993321278865 0 0 0 0 0 0 0 0 1.4992648602523627e-24 -3.5542916945637908e-26 0 0 
0.39859321358459887 0 0 0 0 0 0 0 0 2.3393701698765314e-24 5.169878828456423e-26 0 0 
0.39868353806532686 0 0 0 0 0 0 0 0 2.8563580527221737e-24 -9.6935228033557931e-27 0 0 
0.39877090390875702 0 0 0 0 0 0 0 0 -1.9387045606711586e-25 -4.8467614016778965e-26 0 0 
0.39885530915295808 0 0 0 0 0 0 0 0 -1.6802106192483375e-25 -3.2311742677852644e-26 0 0 
0.39893674565259918 0 0 0 0 0 0 0 0 1.2666203129718236e-24 -4.8467614016778965e-26 0 0 
0.3990152047227491 0 0 0 0 0 0 0 0 2.1584244108805566e-24 -6.1392311087920023e-26 0 0 
0.39909068493447819 0 0 0 0 0 0 0 0 2.248897290378544e-24 4.2005265481208437e-26 0 0 
0.39916318590857791 0 0 0 0 0 0 0 0 2.4944665347302241e-24 -3.5542916945637908e-26 0 0 
0.3992326995148483 0 0 0 0 0 0 0 0 2.4556924435168009e-24 -9.3704053765772666e-26 0 0 
0.39929921674067714 0 0 0 0 0 0 0 0 -2.8434333556510326e-25 -4.5236439748993701e-26 0 0 
0.39936273773490499 0 0 0 0 0 0 0 0 2.1584244108805566e-24 -4.2005265481208437e-26 0 0 
0.3994232641545456 0 0 0 0 0 0 0 0 1.8870057723865944e-24 -7.1085833891275816e-26 0 0 
0.39948078755823418 0 0 0 0 0 0 0 0 2.4944665347302241e-24 -1.454028420503369e-25 0 0 
0.39953529799929316 0 0 0 0 0 0 0 0 1.3053944041852468e-24 -4.8467614016778965e-26 0 0 
0.39958679764427341 0 0 0 0 0 0 0 0 1.5380389514657858e-24 -5.4929962552349494e-26 0 0 
0.39963529104556944 0 0 0 0 0 0 0 0 2.0808762284537102e-24 -1.5832753912147795e-25 0 0 
0.39968076886794096 0 0 0 0 0 0 0 0 2.1454997138094155e-24 1.2924697071141057e-26 0 0 
0.39972321899343655 0 0 0 0 0 0 0 0 2.6366382025127757e-24 -2.261821987449685e-26 0 0 
0.39976264641987103 0 0 0 0 0 0 0 0 2.2101231991651208e-24 -1.9710163033490113e-25 0 0 
0.39979906048114577 0 0 0 0 0 0 0 0 2.248897290378544e-24 -6.4623485355705287e-27 0 0 
0.39983244980743293 0 0 0 0 0 0 0 0 2.6237135054416347e-24 -1.9387045606711586e-26 0 0 
0.39986279709770883 0 0 0 0 0 0 0 0 1.5509636485369269e-24 1.6155871338926322e-26 0 0 
0.39989011185547924 0 0 0 0 0 0 0 0 2.3005960786631082e-24 -1.2924697071141057e-26 0 0 
0.39991441340955985 0 0 0 0 0 0 0 0 2.6107888083704936e-24 -7.1085833891275816e-26 0 0 
0.39993568592556789 0 0 0 0 0 0 0 0 1.8870057723865944e-24 -5.8161136820134758e-26 0 0 
0.39995389704778628 0 0 0 0 0 0 0 0 2.248897290378544e-24 1.9387045606711586e-26 0 0 
0.39996906436632579 0 0 0 0 0 0 0 0 2.3264454728053903e-24 -1.1955344790805478e-25 0 0 
0.39998123915905026 0 0 0 0 0 0 0 0 -2.1971985020939798e-25 -9.6935228033557931e-27 0 0 
0.3999903989246073 0 0 0 0 0 0 0 0 2.5849394142282115e-25 6.4623485355705287e-27 0 0 
0.39999643917181321 0 0 0 0 0 0 0 0 2.3910689581610956e-24 -4.2005265481208437e-26 0 0 
0.39999940921925187 0 0 0 0 0 0 0 0 2.2747466845208261e-24 -4.2005265481208437e-26 0 0 
0.40014470978720729 0 0 0 0 0 0 0 0 -1.9387045606711586e-25 -1.0662875083691372e-25 0 0 
0.40087200732087713 0 0 0 0 0 0 0 0 -6.074607623436297e-25 -7.431700815906108e-26 0 0 
0.4023504857678486 0 0 0 0 0 0 0 0 2.8305086585798916e-24 7.431700815906108e-26 0 0 
0.40459099165059786 0 0 0 0 0 0 0 0 1.9904033489557228e-24 -3.8774091213423172e-26 0 0 
0.40756595103244253 0 0 0 0 0 0 0 0 -1.809457589959748e-25 -2.261821987449685e-26 0 0 
0.41126720661127747 0 0 0 0 0 0 0 0 4.0066560920537278e-25 -5.4929962552349494e-26 0 0 
0.41570415041144115 0 0 0 0 0 0 0 0 -3.8774091213423172e-26 -1.6155871338926322e-26 0 0 
0.42087730558454084 0 0 0 0 0 0 0 0 1.7577588016751838e-24 1.4863401631812216e-25 0 0 
0.42677418997626637 0 0 0 0 0 0 0 0 2.2101231991651208e-24 -5.4929962552349494e-26 0 0 
0.4333857211088733 0 0 0 0 0 0 0 0 -3.3604212384966749e-25 -3.2311742677852644e-27 0 0 
0.440710961269694 0 0 0 0 0 0 0 0 2.6495628995839168e-24 -1.001664023013432e-25 0 0 
0.44874596479763007 0 0 0 0 0 0 0 0 1.6285118309637732e-24 -6.4623485355705287e-26 0 0 
0.45747943583370998 0 0 0 0 0 0 0 0 -6.4623485355705287e-26 5.4929962552349494e-26 0 0 
0.46690091015217572 0 0 0 0 0 0 0 0 2.7141863849396221e-24 5.8161136820134758e-26 0 0 
0.47700458595107653 0 0 0 0 0 0 0 0 7.1085833891275816e-25 -1.6155871338926322e-26 0 0 
0.48778302557637798 0 0 0 0 0 0 0 0 -3.7481621506309067e-25 -4.8467614016778965e-26 0 0 
0.49922381399572691 0 0 0 0 0 0 0 0 -1.4217166778255163e-25 -8.4010530962416873e-26 0 0 
0.51131463105416608 0 0 0 0 0 0 0 0 2.8434333556510326e-24 0 0 0 
0.52404621629588921 0 0 0 0 0 0 0 0 2.9080568410067379e-24 -3.8774091213423172e-26 0 0 
0.53740818894154807 0 0 0 0 0 0 0 0 -1.5509636485369269e-25 -9.0472879497987402e-26 0 0 
0.55138642625179612 0 0 0 0 0 0 0 0 2.4944665347302241e-24 -4.8467614016778965e-26 0 0 
0.56596663032049499 0 0 0 0 0 0 0 0 1.357093192469811e-24 1.2601579644362531e-25 0 0 
0.58113671008641465 0 0 0 0 0 0 0 0 1.4087919807543753e-24 -3.8774091213423172e-26 0 0 
0.59688371641169957 0 0 0 0 0 0 0 0 3.1665507824295591e-24 -8.4010530962416873e-26 0 0 
0.61319169983749811 0 0 0 0 0 0 0 0 2.1584244108805566e-24 -1.0985992510469899e-25 0 0 
0.63004443393837062 0 0 0 0 0 0 0 0 2.7529604761530452e-24 -1.2924697071141057e-26 0 0 
0.64742740840993684 0 0 0 0 0 0 0 0 2.4556924435168009e-24 -9.0472879497987402e-26 0 0 
0.66532542305970377 0 0 0 0 0 0 0 0 2.3005960786631082e-24 1.1955344790805478e-25 0 0 
0.68372076947809513 0 0 0 0 0 0 0 0 1.34416849539867e-24 9.0472879497987402e-26 0 0 
0.70259543631942134 0 0 0 0 0 0 0 0 1.8870057723865944e-24 6.7854659623490551e-26 0 0 
0.72193283779604134 0 0 0 0 0 0 0 0 1.2924697071141057e-25 -1.6155871338926322e-26 0 0 
0.74171582691895677 0 0 0 0 0 0 0 0 -1.0598251598335667e-24 -5.8161136820134758e-26 0 0 
0.76192510001822056 0 0 0 0 0 0 0 0 -9.5642758326443825e-25 6.4623485355705287e-26 0 0 
0.78254106450705119 0 0 0 0 0 0 0 0 1.6543612251060553e-24 -1.357093192469811e-25 0 0 
0.80354538512753948 0 0 0 0 0 0 0 0 1.3183191012563879e-24 -1.9387045606711586e-25 0 0 
0.82491927657116704 0 0 0 0 0 0 0 0 1.0081263715490025e-24 -2.9726803263624432e-25 0 0 
0.84664206205542669 0 0 0 0 0 0 0 0 5.169878828456423e-25 -1.6155871338926322e-25 0 0 
0.86869281341895688 0 0 0 0 0 0 0 0 2.6624875966550578e-24 -1.9387045606711586e-25 0 0 
0.89105177255089651 0 0 0 0 0 0 0 0 7.7548182426846345e-25 -6.4623485355705287e-27 0 0 
0.91369883464927226 0 0 0 0 0 0 0 0 -1.4992648602523627e-24 -1.8740810753154533e-25 0 0 
0.93661221128141126 0 0 0 0 0 0 0 0 5.169878828456423e-26 -2.0033280460268639e-25 0 0 
0.95976991493173436 0 0 0 0 0 0 0 0 1.1373733422604131e-24 -1.2924697071141057e-26 0 0 
0.98315109814083901 0 0 0 0 0 0 0 0 -1.0339757656912846e-25 4.5236439748993701e-26 0 0 
1.0067346668417609 0 0 0 0 0 0 0 0 -1.3183191012563879e-24 -3.6189151799194961e-25 0 0 
1.0304980098091647 0 0 0 0 0 0 0 0 2.016252743098005e-24 -1.5509636485369269e-25 0 0 
1.0544183784343379 0 0 0 0 0 0 0 0 1.2407709188295415e-24 -9.0472879497987402e-26 0 0 
1.0784741772834623 0 0 0 0 0 0 0 0 6.4623485355705287e-25 -1.5509636485369269e-25 0 0 
1.1026436631848888 0 0 0 0 0 0 0 0 -8.5303000669530979e-25 -2.0679515313825692e-25 0 0 
1.1269037095793317 0 0 0 0 0 0 0 0 1.4475660719677984e-24 4.5236439748993701e-26 0 0 
1.1512311198795371 0 0 0 0 0 0 0 0 5.169878828456423e-26 -1.0339757656912846e-25 0 0 
1.175603898342388 0 0 0 0 0 0 0 0 1.809457589959748e-24 -1.357093192469811e-25 0 0 
1.2 0 0 0 0 0 0 0 0 7.7548182426846345e-25 -2.3910689581610956e-25 0 0 
1.2243961016576119 0 0 0 0 0 0 0 0 -3.8774091213423172e-25 -1.4217166778255163e-25 0 0 
1.2487688801204628 0 0 0 0 0 0 0 0 -9.8227697740672036e-25 2.4556924435168009e-25 0 0 
1.2730962904206682 0 0 0 0 0 0 0 0 1.7577588016751838e-24 -1.2278462217584005e-25 0 0 
1.2973563368151111 0 0 0 0 0 0 0 0 -1.809457589959748e-25 3.8774091213423172e-26 0 0 
1.3215258227165376 0 0 0 0 0 0 0 0 1.6543612251060553e-24 8.4010530962416873e-26 0 0 
1.345581621565662 0 0 0 0 0 0 0 0 0 1.6155871338926322e-25 0 0 
1.3695019901908352 0 0 0 0 0 0 0 0 -2.0679515313825692e-25 -2.5849394142282115e-26 0 0 
1.393265333158239 0 0 0 0 0 0 0 0 2.3781442610899546e-24 -2.5849394142282115e-25 0 0 
1.416848901859161 0 0 0 0 0 0 0 0 8.788794008375919e-25 -1.0985992510469899e-25 0 0 
1.4402300850682654 0 0 0 0 0 0 0 0 1.6026624368214911e-24 1.6155871338926322e-25 0 0 
1.4633877887185887 0 0 0 0 0 0 0 0 -1.5509636485369269e-25 9.0472879497987402e-26 0 0 
1.4863011653507276 0 0 0 0 0 0 0 0 1.809457589959748e-24 -1.1632227364026952e-25 0 0 
1.5089482274491033 0 0 0 0 0 0 0 0 -5.169878828456423e-25 1.7448341046040428e-25 0 0 
1.531307186581043 0 0 0 0 0 0 0 0 3.6189151799194961e-25 7.1085833891275816e-26 0 0 
1.5533579379445732 0 0 0 0 0 0 0 0 -6.7208424769933499e-25 -1.8740810753154533e-25 0 0 
1.5750807234288329 0 0 0 0 0 0 0 0 1.4475660719677984e-24 -5.8161136820134758e-26 0 0 
1.5964546148724605 0 0 0 0 0 0 0 0 -9.3057818912215613e-25 3.7481621506309067e-25 0 0 
1.6174589354929487 0 0 0 0 0 0 0 0 -5.169878828456423e-25 3.8774091213423172e-26 0 0 
1.6380748999817794 0 0 0 0 0 0 0 0 -8.2718061255302767e-25 4.5236439748993701e-26 0 0 
1.6582841730810431 0 0 0 0 0 0 0 0 1.809457589959748e-24 3.8774091213423172e-26 0 0 
1.6780671622039587 0 0 0 0 0 0 0 0 0 -1.9387045606711586e-25 0 0 
1.6974045636805786 0 0 0 0 0 0 0 0 0 -1.4217166778255163e-25 0 0 
1.7162792305219048 0 0 0 0 0 0 0 0 1.5509636485369269e-25 -4.5236439748993701e-26 0 0 
1.734674576940296 0 0 0 0 0 0 0 0 1.2407709188295415e-24 -2.3264454728053903e-25 0 0 
1.752572591590063 0 0 0 0 0 0 0 0 -4.1359030627651384e-25 -9.0472879497987402e-26 0 0 
1.7699555660616293 0 0 0 0 0 0 0 0 -7.7548182426846345e-25 -2.5849394142282115e-26 0 0 
1.7868083001625017 0 0 0 0 0 0 0 0 -8.788794008375919e-25 -3.2311742677852644e-25 0 0 
1.8031162835883003 0 0 0 0 0 0 0 0 -1.0339757656912846e-25 -3.8774091213423172e-26 0 0 
1.8188632899135853 0 0 0 0 0 0 0 0 8.2718061255302767e-25 1.1632227364026952e-25 0 0 
1.834033369679505 0 0 0 0 0 0 0 0 -5.169878828456423e-26 9.0472879497987402e-26 0 0 
1.8486135737482039 0 0 0 0 0 0 0 0 5.169878828456423e-26 1.2924697071141057e-26 0 0 
1.8625918110584518 0 0 0 0 0 0 0 0 5.169878828456423e-26 0 0 0 
1.8759537837041107 0 0 0 0 0 0 0 0 0 -1.4217166778255163e-25 0 0 
1.8886853689458338 0 0 0 0 0 0 0 0 -7.7548182426846345e-25 -6.4623485355705287e-26 0 0 
1.9007761860042729 0 0 0 0 0 0 0 0 9.3057818912215613e-25 -9.0472879497987402e-26 0 0 
1.9122169744236219 0 0 0 0 0 0 0 0 -1.0856745539758488e-24 -1.6802106192483375e-25 0 0 
1.9229954140489234 0 0 0 0 0 0 0 0 1.3958672836832342e-24 6.4623485355705287e-26 0 0 
1.9330990898478242 0 0 0 0 0 0 0 0 -1.0856745539758488e-24 -2.8434333556510326e-25 0 0 
1.9425205641662899 0 0 0 0 0 0 0 0 -3.6189151799194961e-25 -2.8434333556510326e-25 0 0 
1.95125403520237 0 0 0 0 0 0 0 0 -5.169878828456423e-25 1.0339757656912846e-25 0 0 
1.9592890387303059 0 0 0 0 0 0 0 0 4.6528909456107807e-25 -6.4623485355705287e-26 0 0 
1.9666142788911265 0 0 0 0 0 0 0 0 -3.6189151799194961e-25 1.4217166778255163e-25 0 0 
1.9732258100237337 0 0 0 0 0 0 0 0 0 -5.169878828456423e-26 0 0 
1.9791226944154592 0 0 0 0 0 0 0 0 -1.2407709188295415e-24 -2.1971985020939798e-25 0 0 
1.9842958495885588 0 0 0 0 0 0 0 0 -4.6528909456107807e-25 1.9387045606711586e-25 0 0 
1.9887327933887224 0 0 0 0 0 0 0 0 1.4475660719677984e-24 -1.1632227364026952e-25 0 0 
1.9924340489675574 0 0 0 0 0 0 0 0 -4.1359030627651384e-25 -1.6802106192483375e-25 0 0 
1.995409008349402 0 0 0 0 0 0 0 0 -1.6026624368214911e-24 -3.3604212384966749e-25 0 0 
1.9976495142321513 0 0 0 0 0 0 0 0 -1.2407709188295415e-24 -7.7548182426846345e-26 0 0 
1.9991279926791228 0 0 0 0 0 0 0 0 0 6.4623485355705287e-26 0 0 
1.9998552902127926 0 0 0 0 0 0 0 0 -7.2378303598389922e-25 -2.0679515313825692e-25 0 0 
2.0052457297862674 0 0 0 0 0 0 0 0 -7.2378303598389922e-25 1.0339757656912846e-25 0 0 
2.0316102653817971 0 0 0 0 0 0 0 0 -7.2378303598389922e-25 -2.3264454728053903e-25 0 0 
2.0852051090845158 0 0 0 0 0 0 0 0 -2.5849394142282115e-24 -1.1632227364026952e-25 0 0 
2.166423447334175 0 0 0 0 0 0 0 0 -1.1890721305449773e-24 -2.1971985020939798e-25 0 0 
2.2742657249260461 0 0 0 0 0 0 0 0 1.0339757656912846e-25 -1.2924697071141057e-25 0 0 
2.4084362396588119 0 0 0 0 0 0 0 0 -1.0339757656912846e-24 1.6802106192483375e-25 0 0 
2.5692754524147468 0 0 0 0 0 0 0 0 -1.1890721305449773e-24 -6.4623485355705287e-26 0 0 
2.7568023274396083 0 0 0 0 0 0 0 0 -1.4992648602523627e-24 -4.6528909456107807e-25 0 0 
2.9705643866396585 0 0 0 0 0 0 0 0 -1.0339757656912846e-24 -1.6802106192483375e-25 0 0 
3.2102323901966621 0 0 0 0 0 0 0 0 -2.2747466845208261e-24 1.5509636485369269e-25 0 0 
3.4757723460264138 0 0 0 0 0 0 0 0 -1.4992648602523627e-24 7.7548182426846345e-26 0 0 
3.7670412239140916 0 0 0 0 0 0 0 0 -2.3264454728053903e-24 -7.7548182426846345e-26 0 0 
4.0836295489719916 0 0 0 0 0 0 0 0 -9.3057818912215613e-25 1.5509636485369269e-25 0 0 
4.4251579930163736 0 0 0 0 0 0 0 0 -1.6026624368214911e-24 -7.7548182426846345e-26 0 0 
4.7914162407265266 0 0 0 0 0 0 0 0 -1.2407709188295415e-24 1.2278462217584005e-25 0 0 
5.1821346771437078 0 0 0 0 0 0 0 0 -8.5303000669530979e-25 -9.6935228033557931e-26 0 0 
5.596863257345106 0 0 0 0 0 0 0 0 -6.979336418416171e-25 -6.4623485355705287e-27 0 0 
6.0351553757135221 0 0 0 0 0 0 0 0 -3.8774091213423172e-25 1.2924697071141057e-26 0 0 
6.4966753407259858 0 0 0 0 0 0 0 0 -2.0679515313825692e-25 -1.2924697071141057e-26 0 0 
6.9810468491311184 0 0 0 0 0 0 0 0 -1.2924697071141057e-26 4.5236439748993701e-26 0 0 
7.4877579516276107 0 0 0 0 0 0 0 0 -1.2924697071141057e-26 -1.6155871338926322e-26 0 0 
8.0162903491179449 0 0 0 0 0 0 0 0 -1.0339757656912846e-25 2.1002632740604218e-26 0 0 
8.5662057406325331 0 0 0 0 0 0 0 0 1.2924697071141057e-26 8.0779356694631609e-27 0 0 
9.1370347199241095 0 0 0 0 0 0 0 0 -9.6935228033557931e-26 3.311953624479896e-26 0 0 
9.7281991191093056 0 0 0 0 0 0 0 0 -5.4929962552349494e-26 2.1810426307550534e-26 0 0 
10.339110730265936 0 0 0 0 0 0 0 0 2.1002632740604218e-26 1.2924697071141057e-26 0 0 
10.969243554860213 0 0 0 0 0 0 0 0 -5.6545549686242126e-26 8.885729236409477e-27 0 0 
11.618046585914264 0 0 0 0 0 0 0 0 -1.0501316370302109e-26 1.1309109937248425e-26 0 0 
12.284877893580951 0 0 0 0 0 0 0 0 -8.885729236409477e-27 2.1204581132340797e-27 0 0 
12.969084566579024 0 0 0 0 0 0 0 0 3.8370194429950014e-27 2.6253290925755273e-27 0 0 
13.670065370106499 0 0 0 0 0 0 0 0 4.341890422336449e-27 1.2621774483536189e-27 0 0 
14.387198725812187 0 0 0 0 0 0 0 0 9.5925486074875036e-28 1.1485814780017932e-27 0 0 
15.119784875660498 0 0 0 0 0 0 0 0 -4.0389678347315804e-28 4.4176210692376661e-28 0 0 
15.86711358838061 0 0 0 0 0 0 0 0 3.7865323450608567e-29 6.9419759659449039e-29 0 0 
16.628520210873308 0 0 0 0 0 0 0 0 -1.8301573001127474e-28 6.7842037849007015e-29 0 0 
17.403323775704809 0 0 0 0 0 0 0 0 -1.4515040656066617e-28 4.6542793408039697e-29 0 0 
18.190774749509224 0 0 0 0 0 0 0 0 -1.2779546664580391e-28 2.5637979419682884e-29 0 0 
18.990114486437186 0 0 0 0 0 0 0 0 -4.3387349787155649e-29 -2.1693674893577825e-30 0 0 
19.800626754970001 0 0 0 0 0 0 0 0 -2.9582283945787943e-30 4.8317730444786973e-30 0 0 
20.621582756036126 0 0 0 0 0 0 0 0 -1.4298103907130839e-30 2.5144941353919751e-30 0 0 
21.452192658951162 0 0 0 0 0 0 0 0 1.2818989709841442e-30 8.7514256672955997e-31 0 0 
22.291659416275373 0 0 0 0 0 0 0 0 -3.0814879110195774e-32 1.8951150652770401e-31 0 0 
23.139227307605417 0 0 0 0 0 0 0 0 -2.0645969003831168e-31 5.8163084320494523e-32 0 0 
23.994131673013836 0 0 0 0 0 0 0 0 -2.1570415377137042e-32 2.6000054249227684e-32 0 0 
24.855552855582225 0 0 0 0 0 0 0 0 -1.4444474582904269e-33 6.6685324324408041e-33 0 0 
25.722666218244751 0 0 0 0 0 0 0 0 3.3463032783728223e-33 5.1157514147785952e-34 0 0 
26.594688926525507 0 0 0 0 0 0 0 0 2.6361166113800291e-33 9.9305762757466849e-35 0 0 
27.470832790452228 0 0 0 0 0 0 0 0 5.476863279351202e-34 6.9213107376416288e-35 0 0 
28.350259472250777 0 0 0 0 0 0 0 0 5.4166779685891008e-34 -1.0532429383367696e-35 0 0 
29.232128095633218 0 0 0 0 0 0 0 0 2.2042870066619535e-34 -1.1096666671762394e-35 0 0 
30.115641314911567 0 0 0 0 0 0 0 0 9.2534915296730473e-35 -2.539067797776141e-36 0 0 
31 0 0 0 0 0 0 0 0 5.078135595552282e-36 -9.6390536767427576e-37 0 0 
31.884358685088433 0 0 0 0 0 0 0 0 3.3384039563352965e-36 -4.4668785331246925e-37 0 0 
32.767871904366785 0 0 0 0 0 0 0 0 3.364852579228798e-37 -1.5428363354542524e-38 0 0 
33.649740527749223 0 0 0 0 0 0 0 0 8.3753972496087985e-38 1.5244692362226541e-38 0 0 
34.529167209547772 0 0 0 0 0 0 0 0 -1.5575300148395309e-37 1.0469246562010998e-38 0 0 
35.405311073474493 0 0 0 0 0 0 0 0 -3.7468882432460414e-38 1.0101904577379033e-38 0 0 
36.277333781755246 0 0 0 0 0 0 0 0 4.5917748078995606e-39 6.1070604945064156e-39 0 0 
37.144447144417775 0 0 0 0 0 0 0 0 -7.6682639291922662e-39 1.2110806055835091e-39 0 0 
38.00586832698616 0 0 0 0 0 0 0 0 -1.9974220414363089e-39 2.5541747368941306e-40 0 0 
38.860772692394583 0 0 0 0 0 0 0 0 -3.1998930692550063e-40 1.63940709938289e-40 0 0 
39.708340583724627 0 0 0 0 0 0 0 0 2.2689824734347438e-41 1.8250511199366418e-41 0 0 
40.547807341048838 0 0 0 0 0 0 0 0 5.5424156860975165e-41 -8.5198946630948878e-43 0 0 
41.378417243963874 0 0 0 0 0 0 0 0 3.8384367534785389e-41 -2.3766021954948898e-42 0 0 
42.199373245030003 0 0 0 0 0 0 0 0 1.1748486324899266e-41 -2.2420775429197073e-43 0 0 
43.009885513562814 0 0 0 0 0 0 0 0 4.2375265561182468e-42 -5.5491419187262756e-43 0 0 
43.809225250490776 0 0 0 0 0 0 0 0 -1.3284309441799266e-42 -1.0509738482436128e-43 0 0 
44.596676224295194 0 0 0 0 0 0 0 0 7.2867520144890488e-44 -2.9076943134739954e-44 0 0 
45.371479789126695 0 0 0 0 0 0 0 0 4.3790577010150533e-44 -1.2699267332943655e-44 0 0 
46.132886411619388 0 0 0 0 0 0 0 0 4.3790577010150533e-45 8.1012567468778487e-46 0 0 
46.8802151243395 0 0 0 0 0 0 0 0 -1.1122806560578236e-44 2.6712251976191825e-45 0 0 
47.612801274187817 0 0 0 0 0 0 0 0 -1.1122806560578236e-44 1.4450890413349676e-45 0 0 
48.329934629893501 0 0 0 0 0 0 0 0 -3.2186074102460642e-45 1.0236047376122687e-45 0 0 
49.030915433420972 0 0 0 0 0 0 0 0 -3.8426231326407093e-45 4.9811781349046232e-46 0 0 
49.715122106419045 0 0 0 0 0 0 0 0 -2.4413246683158922e-45 9.4423431678137088e-47 0 0 
50.381953414085736 0 0 0 0 0 0 0 0 -2.2442670717702148e-46 3.2500818874721099e-47 0 0 
51.030756445139787 0 0 0 0 0 0 0 0 -1.7413596639192673e-46 2.1980816975798217e-47 0 0 
51.660889269734064 0 0 0 0 0 0 0 0 -5.0034155372925902e-48 5.2493098906210722e-48 0 0 
52.271800880890694 0 0 0 0 0 0 0 0 1.7661629204289229e-47 2.063374356191175e-48 0 0 
52.86296528007589 0 0 0 0 0 0 0 0 6.3718710688597944e-48 -4.4902447129548887e-49 0 0 
53.433794259367467 0 0 0 0 0 0 0 0 9.1087821319942028e-48 -6.5215458926249574e-49 0 0 
53.983709650882055 0 0 0 0 0 0 0 0 4.91788706656964e-48 -2.7262200042940396e-49 0 0 
54.512242048372386 0 0 0 0 0 0 0 0 -1.8281710617030618e-48 -1.3898376492479417e-49 0 0 
55.018953150868882 0 0 0 0 0 0 0 0 2.2077036505361536e-48 -1.7506608851103881e-49 0 0 
55.503324659274014 0 0 0 0 0 0 0 0 5.4257123614871572e-49 -2.4054882390829761e-50 0 0 
55.964844624286478 0 0 0 0 0 0 0 0 6.14735883321205e-49 -1.9043448559406894e-50 0 0 
56.403136742654894 0 0 0 0 0 0 0 0 4.4701989776291972e-49 -4.7441573604136473e-50 0 0 
56.817865322856292 0 0 0 0 0 0 0 0 2.2083718417136767e-49 -4.2597187567094368e-51 0 0 
57.208583759273473 0 0 0 0 0 0 0 0 4.7942716987278759e-50 -1.0440487148797639e-51 0 0 
57.57484200698363 0 0 0 0 0 0 0 0 2.626826566637486e-50 -1.6182755080636341e-51 0 0 
57.916370451028008 0 0 0 0 0 0 0 0 1.5608528287452471e-51 4.0978912059030734e-52 0 0 
58.232958776085908 0 0 0 0 0 0 0 0 2.0672164554619326e-51 1.012727253433371e-51 0 0 
58.524227653973583 0 0 0 0 0 0 0 0 -9.2711525881323036e-51 7.725960490110253e-52 0 0 
58.789767609803334 0 0 0 0 0 0 0 0 -1.2110965092605262e-51 6.0032801105586426e-52 0 0 
59.029435613360342 0 0 0 0 0 0 0 0 -1.3969371805091241e-50 7.6215556186222766e-52 0 0 
59.243197672560392 0 0 0 0 0 0 0 0 -4.3223616796022226e-51 6.4208995965105481e-52 0 0 
59.430724547585257 0 0 0 0 0 0 0 0 -3.2365510161272682e-51 1.1223523684957462e-51 0 0 
59.591563760341188 0 0 0 0 0 0 0 0 -2.777169581580172e-51 7.3605434399023357e-52 0 0 
59.725734275073954 0 0 0 0 0 0 0 0 -6.6401498266352986e-51 5.2202435743988196e-53 0 0 
59.833576552665825 0 0 0 0 0 0 0 0 -3.1112651703416965e-51 3.9673851165431029e-52 0 0 
59.914794890915488 0 0 0 0 0 0 0 0 -1.127572612070145e-51 4.8548265241909022e-52 0 0 
59.968389734618199 0 0 0 0 0 0 0 0 -4.8235050627445093e-51 2.9494376195353331e-52 0 0 
59.994754270213733 0 0 0 0 0 0 0 0 -5.470815265969963e-51 6.1337861999186131e-52 0 0 
