Angular Momentum Spectrum, a: 1nm    v: 0.5c   b: 22nm    Lmax: 10 

         w(au)                   dlEdwx                 dlHdwx                   dlEdwy                   dlHdwy                 dlEdwz                dlHdwz                  dlEsdwx                dlHsdwx                   dlEsdwy                   dlHsdwy                dlEsdwz                dlHsdwz              dlEedwx                dlHedwx                   dlEedwy                   dlHedwy                dlEedwz                dlHedwz
1.9026473749989004e-05 0 0 0 0 0 0 0 0 0 0 0 0 -1.3658819864781869e-22 -6.7337671740644909e-24 -1.3658819864781869e-22 -6.7337671740644909e-24 0 0 
0.00011466035529547614 0 0 0 0 0 0 0 0 0 0 0 0 6.9541074097333037e-21 -6.4933678085412672e-23 6.9541074097333037e-21 -6.4933678085412672e-23 0 0 
0.00030909556319275167 0 0 0 0 0 0 0 0 0 0 0 0 1.1408475008331358e-20 -1.5675072607879874e-22 1.1408475008331358e-20 -1.5675072607879874e-22 0 0 
0.00060381002773196579 0 0 0 0 0 0 0 0 0 0 0 0 3.1654547681179263e-20 -8.1353213244590272e-22 3.1654547681179263e-20 -8.1353213244590272e-22 0 0 
0.00099526141642011789 0 0 0 0 0 0 0 0 0 0 0 0 5.2836988807437196e-20 -8.0484673601409593e-22 5.2836988807437196e-20 -8.0484673601409593e-22 0 0 
0.0014824882151224517 0 0 0 0 0 0 0 0 0 0 0 0 5.0305816133024931e-20 1.7205356741102976e-22 5.0305816133024931e-20 1.7205356741102976e-22 0 0 
0.002066858090835122 0 0 0 0 0 0 0 0 0 0 0 0 1.6748091298483662e-19 6.5843576759221003e-22 1.6748091298483662e-19 6.5843576759221003e-22 0 0 
0.0027485983073944342 0 0 0 0 0 0 0 0 0 0 0 0 2.1050092228249448e-19 1.3532674821367533e-21 2.1050092228249448e-19 1.3532674821367533e-21 0 0 
0.0035262582785906549 0 0 0 0 0 0 0 0 0 0 0 0 5.3071908101402256e-21 1.6014216659026616e-21 5.3071908101402256e-21 1.6014216659026616e-21 0 0 
0.0043988611750225559 0 0 0 0 0 0 0 0 0 0 0 0 2.1297584667525314e-19 -4.3708223567301982e-21 2.1297584667525314e-19 -4.3708223567301982e-21 0 0 
0.0053665201059923673 0 0 0 0 0 0 0 0 0 0 0 0 1.7999450129153882e-21 -4.5991242057948339e-21 1.7999450129153882e-21 -4.5991242057948339e-21 0 0 
0.0064289772130523837 0 0 0 0 0 0 0 0 0 0 0 0 1.6675961149069038e-21 -7.6762360844920968e-22 1.6675961149069038e-21 -7.6762360844920968e-22 0 0 
0.0075850403960396329 0 0 0 0 0 0 0 0 0 0 0 0 -1.6675961149069038e-20 3.8778227116485937e-21 -1.6675961149069038e-20 3.8778227116485937e-21 0 0 
0.0088336519977958439 0 0 0 0 0 0 0 0 0 0 0 0 3.9410854848966493e-19 1.3234889800848443e-22 3.9410854848966493e-19 1.3234889800848443e-22 0 0 
0.010174383216260852 0 0 0 0 0 0 0 0 0 0 0 0 3.9720551270306347e-19 1.0852609636695723e-21 3.9720551270306347e-19 1.0852609636695723e-21 0 0 
0.011606612792556703 0 0 0 0 0 0 0 0 0 0 0 0 2.0498197323554068e-19 1.495542547495874e-21 2.0498197323554068e-19 1.495542547495874e-21 0 0 
0.013129096547335295 0 0 0 0 0 0 0 0 0 0 0 0 -1.4770137017746862e-20 -9.7938184526278477e-22 -1.4770137017746862e-20 -9.7938184526278477e-22 0 0 
0.014740625628899828 0 0 0 0 0 0 0 0 0 0 0 0 6.5338003968828592e-19 -1.053497228147536e-20 6.5338003968828592e-19 -1.053497228147536e-20 0 0 
0.016440405504997868 0 0 0 0 0 0 0 0 0 0 0 0 -7.5121234509615761e-20 -1.3645171384674745e-20 -7.5121234509615761e-20 -1.3645171384674745e-20 0 0 
0.018227514417767848 0 0 0 0 0 0 0 0 0 0 0 0 -6.0986372202309624e-20 -8.5100341419455487e-21 -6.0986372202309624e-20 -8.5100341419455487e-21 0 0 
0.020100568866453228 0 0 0 0 0 0 0 0 0 0 0 0 -3.8116482626443515e-21 -7.0939009332547653e-21 -3.8116482626443515e-21 -7.0939009332547653e-21 0 0 
0.022058182372850482 0 0 0 0 0 0 0 0 0 0 0 0 3.6422416731934915e-19 -1.4796606797348559e-20 3.6422416731934915e-19 -1.4796606797348559e-20 0 0 
0.024099266216842136 0 0 0 0 0 0 0 0 0 0 0 0 5.0356108714268155e-19 4.2351647362715017e-21 5.0356108714268155e-19 4.2351647362715017e-21 0 0 
0.026222635783701015 0 0 0 0 0 0 0 0 0 0 0 0 7.9525805835338123e-19 -2.4855123045993376e-20 7.9525805835338123e-19 -2.4855123045993376e-20 0 0 
0.028426740495251068 0 0 0 0 0 0 0 0 0 0 0 0 3.6136543112236588e-19 -5.2410163611359833e-21 3.6136543112236588e-19 -5.2410163611359833e-21 0 0 
0.030710010107646055 0 0 0 0 0 0 0 0 0 0 0 0 9.2961865961159462e-19 -5.2145465815342865e-21 9.2961865961159462e-19 -5.2145465815342865e-21 0 0 
0.033071102559839916 0 0 0 0 0 0 0 0 0 0 0 0 2.8492070763266528e-19 -2.8666771308637727e-20 2.8492070763266528e-19 -2.8666771308637727e-20 0 0 
0.035508598324153165 0 0 0 0 0 0 0 0 0 0 0 0 3.8921163926335101e-19 -3.6581235409545096e-20 3.8921163926335101e-19 -3.6581235409545096e-20 0 0 
0.038020774529577944 0 0 0 0 0 0 0 0 0 0 0 0 1.8422966602781032e-20 -3.2584298689688866e-20 1.8422966602781032e-20 -3.2584298689688866e-20 0 0 
0.040605881482580236 0 0 0 0 0 0 0 0 0 0 0 0 5.3468954795427709e-19 -4.7116207691020456e-21 5.3468954795427709e-19 -4.7116207691020456e-21 0 0 
0.043262353791915995 0 0 0 0 0 0 0 0 0 0 0 0 1.3423354631612525e-18 -7.411538288475128e-21 1.3423354631612525e-18 -7.411538288475128e-21 0 0 
0.045988561365826325 0 0 0 0 0 0 0 0 0 0 0 0 2.0413494028828638e-19 -3.22931311140702e-21 2.0413494028828638e-19 -3.22931311140702e-21 0 0 
0.048782614694429502 0 0 0 0 0 0 0 0 0 0 0 0 1.049050305174451e-18 -2.8534422410629243e-20 1.049050305174451e-18 -2.8534422410629243e-20 0 0 
0.051642595185739368 0 0 0 0 0 0 0 0 0 0 0 0 1.3150186506123013e-18 -3.790472438962994e-20 1.3150186506123013e-18 -3.790472438962994e-20 0 0 
0.054566740139450662 0 0 0 0 0 0 0 0 0 0 0 0 -4.8916152703935845e-20 6.7762635780344027e-21 -4.8916152703935845e-20 6.7762635780344027e-21 0 0 
0.057553232220311737 0 0 0 0 0 0 0 0 0 0 0 0 -1.6877131474041934e-19 -2.4352197233561135e-20 -1.6877131474041934e-19 -2.4352197233561135e-20 0 0 
0.060600027191741124 0 0 0 0 0 0 0 0 0 0 0 0 -2.3166351107405114e-19 -3.0334367423544631e-20 -2.3166351107405114e-19 -3.0334367423544631e-20 0 0 
0.0637050522973754 0 0 0 0 0 0 0 0 0 0 0 0 2.0519373147235426e-19 -1.7893571010747095e-20 2.0519373147235426e-19 -1.7893571010747095e-20 0 0 
0.066866372293507254 0 0 0 0 0 0 0 0 0 0 0 0 9.5566492273966436e-19 -1.0958488755102511e-20 9.5566492273966436e-19 -1.0958488755102511e-20 0 0 
0.070082006024561203 0 0 0 0 0 0 0 0 0 0 0 0 -7.3903624647937705e-20 1.8264147925170851e-20 -7.3903624647937705e-20 1.8264147925170851e-20 0 0 
0.073349770529415464 0 0 0 0 0 0 0 0 0 0 0 0 8.3009228830921433e-19 3.5893021139900977e-20 8.3009228830921433e-19 3.5893021139900977e-20 0 0 
0.076667456660662173 0 0 0 0 0 0 0 0 0 0 0 0 -2.2827537928503394e-19 3.705769144237564e-22 -2.2827537928503394e-19 3.705769144237564e-22 0 0 
0.080032981312476631 0 0 0 0 0 0 0 0 0 0 0 0 1.0524384369634682e-18 -6.6068569885835426e-20 1.0524384369634682e-18 -6.6068569885835426e-20 0 0 
0.083444223519220262 0 0 0 0 0 0 0 0 0 0 0 0 1.4293680984916318e-18 1.0312626132821107e-19 1.4293680984916318e-18 1.0312626132821107e-19 0 0 
0.086898880497669098 0 0 0 0 0 0 0 0 0 0 0 0 6.6153273180560856e-19 -3.1763735522036263e-21 6.6153273180560856e-19 -3.1763735522036263e-21 0 0 
0.090394626791136495 0 0 0 0 0 0 0 0 0 0 0 0 6.3103954570445375e-20 1.249373597200093e-20 6.3103954570445375e-20 1.249373597200093e-20 0 0 
0.093929256519331136 0 0 0 0 0 0 0 0 0 0 0 0 1.424285900808106e-18 -3.2399010232476988e-20 1.424285900808106e-18 -3.2399010232476988e-20 0 0 
0.09750053366938996 0 0 0 0 0 0 0 0 0 0 0 0 2.0167854474124891e-18 4.1610493533867504e-20 2.0167854474124891e-18 4.1610493533867504e-20 0 0 
0.1011060566838794 0 0 0 0 0 0 0 0 0 0 0 0 2.1641691802347374e-19 -7.6021207016073455e-20 2.1641691802347374e-19 -7.6021207016073455e-20 0 0 
0.10474340565554539 0 0 0 0 0 0 0 0 0 0 0 0 5.6454745934499118e-19 -1.462190625197736e-19 5.6454745934499118e-19 -1.462190625197736e-19 0 0 
0.10841027758552428 0 0 0 0 0 0 0 0 0 0 0 0 -1.5204241403214691e-19 9.0209008882582986e-20 -1.5204241403214691e-19 9.0209008882582986e-20 0 0 
0.11210434692464197 0 0 0 0 0 0 0 0 0 0 0 0 1.8846483076408183e-19 6.2786317215225013e-20 1.8846483076408183e-19 6.2786317215225013e-20 0 0 
0.11582313598799202 0 0 0 0 0 0 0 0 0 0 0 0 8.2331602473117993e-19 1.1022016226146583e-19 8.2331602473117993e-19 1.1022016226146583e-19 0 0 
0.11956415362229122 0 0 0 0 0 0 0 0 0 0 0 0 1.1498472258977127e-18 -5.2516042729766621e-20 1.1498472258977127e-18 -5.2516042729766621e-20 0 0 
0.12332502592372041 0 0 0 0 0 0 0 0 0 0 0 0 1.3692287592365765e-18 -5.7915877768512786e-20 1.3692287592365765e-18 -5.7915877768512786e-20 0 0 
0.12710336396537769 0 0 0 0 0 0 0 0 0 0 0 0 4.5739779151732218e-19 -5.9609943663021386e-20 4.5739779151732218e-19 -5.9609943663021386e-20 0 0 
0.13089663773886806 0 0 0 0 0 0 0 0 0 0 0 0 8.0044613515531382e-19 -9.4232415382040913e-20 8.0044613515531382e-19 -9.4232415382040913e-20 0 0 
0.13470230901565888 0 0 0 0 0 0 0 0 0 0 0 0 4.6756218688437379e-19 -5.6115932755597397e-20 4.6756218688437379e-19 -5.6115932755597397e-20 0 0 
0.1385179596521055 0 0 0 0 0 0 0 0 0 0 0 0 -2.1599340154984659e-20 -2.414043899674756e-20 -2.1599340154984659e-20 -2.414043899674756e-20 0 0 
0.14234116399380384 0 0 0 0 0 0 0 0 0 0 0 0 -2.0244087439377778e-19 -7.9938734397124594e-20 -2.0244087439377778e-19 -7.9938734397124594e-20 0 0 
0.14616936428319791 0 0 0 0 0 0 0 0 0 0 0 0 2.3039296165316969e-19 -1.2049043674692422e-19 2.3039296165316969e-19 -1.2049043674692422e-19 0 0 
0.14999999999999999 0 0 0 0 0 0 0 0 0 0 0 0 -2.608861477543245e-19 -1.351017550870609e-19 -2.608861477543245e-19 -1.351017550870609e-19 0 0 
0.15383063571680208 0 0 0 0 0 0 0 0 0 0 0 0 2.0286439086740493e-19 -2.0117032497289633e-20 2.0286439086740493e-19 -2.0117032497289633e-20 0 0 
0.15765883600619615 0 0 0 0 0 0 0 0 0 0 0 0 -2.600391148070702e-19 2.6575658720103673e-20 -2.600391148070702e-19 2.6575658720103673e-20 0 0 
0.16148204034789448 0 0 0 0 0 0 0 0 0 0 0 0 1.9481757786848908e-20 -4.7963240638274757e-20 1.9481757786848908e-20 -4.7963240638274757e-20 0 0 
0.16529769098434111 0 0 0 0 0 0 0 0 0 0 0 0 5.7852350297468713e-19 3.7587087034409578e-20 5.7852350297468713e-19 3.7587087034409578e-20 0 0 
0.16910336226113193 0 0 0 0 0 0 0 0 0 0 0 0 -4.9636130709102e-19 3.0281427864341237e-20 -4.9636130709102e-19 3.0281427864341237e-20 0 0 
0.1728966360346223 0 0 0 0 0 0 0 0 0 0 0 0 -4.4384526436125338e-19 2.9434394917086937e-20 -4.4384526436125338e-19 2.9434394917086937e-20 0 0 
0.17667497407627958 0 0 0 0 0 0 0 0 0 0 0 0 2.8036790554117341e-19 -1.0227922838095677e-19 2.8036790554117341e-19 -1.0227922838095677e-19 0 0 
0.18043584637770876 0 0 0 0 0 0 0 0 0 0 0 0 8.7413800156643795e-19 -1.207021949837378e-20 8.7413800156643795e-19 -1.207021949837378e-20 0 0 
0.18417686401200797 0 0 0 0 0 0 0 0 0 0 0 0 5.4379515213726082e-19 3.1763735522036263e-21 5.4379515213726082e-19 3.1763735522036263e-21 0 0 
0.18789565307535802 0 0 0 0 0 0 0 0 0 0 0 0 7.1913097221890099e-19 -5.7598240413292423e-20 7.1913097221890099e-19 -5.7598240413292423e-20 0 0 
0.19158972241447569 0 0 0 0 0 0 0 0 0 0 0 0 -1.4992483166401116e-19 6.7550877543530452e-20 -1.4992483166401116e-19 6.7550877543530452e-20 0 0 
0.19525659434445458 0 0 0 0 0 0 0 0 0 0 0 0 -7.3183646642771549e-19 -5.9504064544614599e-20 -7.3183646642771549e-19 -5.9504064544614599e-20 0 0 
0.19889394331612059 0 0 0 0 0 0 0 0 0 0 0 0 6.8948481906500048e-19 1.4823076576950256e-20 6.8948481906500048e-19 1.4823076576950256e-20 0 0 
0.20249946633061003 0 0 0 0 0 0 0 0 0 0 0 0 -6.7169712717266017e-19 -5.5057141571529522e-21 -6.7169712717266017e-19 -5.5057141571529522e-21 0 0 
0.20607074348066884 0 0 0 0 0 0 0 0 0 0 0 0 -4.2351647362715017e-21 -6.2256921623191075e-20 -4.2351647362715017e-21 -6.2256921623191075e-20 0 0 
0.20960537320886349 0 0 0 0 0 0 0 0 0 0 0 0 -9.0717228650935566e-19 -9.3173624197973037e-20 -9.0717228650935566e-19 -9.3173624197973037e-20 0 0 
0.2131011195023309 0 0 0 0 0 0 0 0 0 0 0 0 -7.3437756526947839e-19 -1.0397329427546537e-19 -7.3437756526947839e-19 -1.0397329427546537e-19 0 0 
0.21655577648077973 0 0 0 0 0 0 0 0 0 0 0 0 4.0234064994579266e-19 -2.1387581918171084e-20 4.0234064994579266e-19 -2.1387581918171084e-20 0 0 
0.21996701868752336 0 0 0 0 0 0 0 0 0 0 0 0 1.1689054672109345e-19 6.3103954570445375e-20 1.1689054672109345e-19 6.3103954570445375e-20 0 0 
0.22333254333933783 0 0 0 0 0 0 0 0 0 0 0 0 -8.1569272820589123e-19 -8.0468129989158532e-21 -8.1569272820589123e-19 -8.0468129989158532e-21 0 0 
0.22665022947058452 0 0 0 0 0 0 0 0 0 0 0 0 1.4399560103323106e-20 3.4516592600612739e-20 1.4399560103323106e-20 3.4516592600612739e-20 0 0 
0.22991799397543877 0 0 0 0 0 0 0 0 0 0 0 0 1.2874900798265365e-19 -5.082197683525802e-21 1.2874900798265365e-19 -5.082197683525802e-21 0 0 
0.23313362770649274 0 0 0 0 0 0 0 0 0 0 0 0 -2.0837010502455788e-19 -8.3009228830921433e-20 -2.0837010502455788e-19 -8.3009228830921433e-20 0 0 
0.2362949477026246 0 0 0 0 0 0 0 0 0 0 0 0 -5.6327690992410973e-19 -3.1763735522036263e-21 -5.6327690992410973e-19 -3.1763735522036263e-21 0 0 
0.23939997280825887 0 0 0 0 0 0 0 0 0 0 0 0 6.0139339255055324e-20 5.9292306307801024e-21 6.0139339255055324e-20 5.9292306307801024e-21 0 0 
0.24244676777968827 0 0 0 0 0 0 0 0 0 0 0 0 -7.3014240053320689e-19 2.0964065444543933e-20 -7.3014240053320689e-19 2.0964065444543933e-20 0 0 
0.24543325986054931 0 0 0 0 0 0 0 0 0 0 0 0 3.6845933205562065e-19 -4.9339669177562995e-20 3.6845933205562065e-19 -4.9339669177562995e-20 0 0 
0.24835740481426061 0 0 0 0 0 0 0 0 0 0 0 0 -4.2859867131067597e-19 -4.0657581468206416e-20 -4.2859867131067597e-19 -4.0657581468206416e-20 0 0 
0.25121738530557047 0 0 0 0 0 0 0 0 0 0 0 0 1.3552527156068805e-19 1.0587911840678754e-21 1.3552527156068805e-19 1.0587911840678754e-21 0 0 
0.25401143863417364 0 0 0 0 0 0 0 0 0 0 0 0 -5.3024262498119201e-19 3.705769144237564e-20 -5.3024262498119201e-19 3.705769144237564e-20 0 0 
0.25673764620808398 0 0 0 0 0 0 0 0 0 0 0 0 -1.0672615135404184e-19 -8.703263533037936e-20 -1.0672615135404184e-19 -8.703263533037936e-20 0 0 
0.25939411851741978 0 0 0 0 0 0 0 0 0 0 0 0 -6.4967427054404836e-19 -3.8116482626443515e-20 -6.4967427054404836e-19 -3.8116482626443515e-20 0 0 
0.26197922547042207 0 0 0 0 0 0 0 0 0 0 0 0 -5.3108965792844631e-19 -2.0540548970916783e-20 -5.3108965792844631e-19 -2.0540548970916783e-20 0 0 
0.26449140167584684 0 0 0 0 0 0 0 0 0 0 0 0 -6.2087515033740215e-19 -4.2351647362715017e-20 -6.2087515033740215e-19 -4.2351647362715017e-20 0 0 
0.26692889744016007 0 0 0 0 0 0 0 0 0 0 0 0 -2.1091120386632078e-19 -1.5394823816346909e-19 -2.1091120386632078e-19 -1.5394823816346909e-19 0 0 
0.26928998989235392 0 0 0 0 0 0 0 0 0 0 0 0 -5.6327690992410973e-19 -5.3998350387461647e-20 -5.6327690992410973e-19 -5.3998350387461647e-20 0 0 
0.27157325950474892 0 0 0 0 0 0 0 0 0 0 0 0 1.1943164556285635e-19 -1.7364175418713157e-19 1.1943164556285635e-19 -1.7364175418713157e-19 0 0 
0.27377736421629895 0 0 0 0 0 0 0 0 0 0 0 0 2.8883823501371642e-19 -3.6210658495121339e-20 2.8883823501371642e-19 -3.6210658495121339e-20 0 0 
0.27590073378315783 0 0 0 0 0 0 0 0 0 0 0 0 -5.4379515213726082e-19 -6.9880218148479778e-21 -5.4379515213726082e-19 -6.9880218148479778e-21 0 0 
0.27794181762714953 0 0 0 0 0 0 0 0 0 0 0 0 -6.5899163296384566e-19 -9.8467580118312414e-20 -6.5899163296384566e-19 -9.8467580118312414e-20 0 0 
0.27989943113354676 0 0 0 0 0 0 0 0 0 0 0 0 -7.2929536758595259e-19 -1.793592265810981e-19 -7.2929536758595259e-19 -1.793592265810981e-19 0 0 
0.28177248558223211 0 0 0 0 0 0 0 0 0 0 0 0 -3.2017845406212553e-19 -1.7575933655526732e-20 -3.2017845406212553e-19 -1.7575933655526732e-20 0 0 
0.28355959449500212 0 0 0 0 0 0 0 0 0 0 0 0 -1.3383120566617945e-19 -1.0905549195899117e-19 -1.3383120566617945e-19 -1.0905549195899117e-19 0 0 
0.28525937437110016 0 0 0 0 0 0 0 0 0 0 0 0 -1.0503208545953324e-19 -8.0679888225972107e-20 -1.0503208545953324e-19 -8.0679888225972107e-20 0 0 
0.28687090345266469 0 0 0 0 0 0 0 0 0 0 0 0 -4.3368086899420177e-19 -5.1880768019325896e-20 -4.3368086899420177e-19 -5.1880768019325896e-20 0 0 
0.28839338720744329 0 0 0 0 0 0 0 0 0 0 0 0 -1.0714966782766899e-18 -9.3808898908413763e-20 -1.0714966782766899e-18 -9.3808898908413763e-20 0 0 
0.28982561678373914 0 0 0 0 0 0 0 0 0 0 0 0 -6.7085009422540587e-19 -1.291725244562808e-20 -6.7085009422540587e-19 -1.291725244562808e-20 0 0 
0.29116634800220415 0 0 0 0 0 0 0 0 0 0 0 0 -7.597885536871074e-19 5.5692416281970247e-20 -7.597885536871074e-19 5.5692416281970247e-20 0 0 
0.29241495960396036 0 0 0 0 0 0 0 0 0 0 0 0 -7.7249404789592191e-19 -1.0630263488041469e-19 -7.7249404789592191e-19 -1.0630263488041469e-19 0 0 
0.29357102278694758 0 0 0 0 0 0 0 0 0 0 0 0 -6.2511031507367365e-19 -2.414043899674756e-20 -6.2511031507367365e-19 -2.414043899674756e-20 0 0 
0.29463347989400762 0 0 0 0 0 0 0 0 0 0 0 0 -4.989024059327829e-19 -8.5126811199057184e-20 -4.989024059327829e-19 -8.5126811199057184e-20 0 0 
0.29560113882497741 0 0 0 0 0 0 0 0 0 0 0 0 -4.4469229730850768e-19 -1.3107834858760298e-19 -4.4469229730850768e-19 -1.3107834858760298e-19 0 0 
0.29647374172140933 0 0 0 0 0 0 0 0 0 0 0 0 -2.608861477543245e-19 -9.0209008882582986e-20 -2.608861477543245e-19 -9.0209008882582986e-20 0 0 
0.29725140169260555 0 0 0 0 0 0 0 0 0 0 0 0 -9.4190063734678198e-19 -3.3246043179731288e-20 -9.4190063734678198e-19 -3.3246043179731288e-20 0 0 
0.29793314190916487 0 0 0 0 0 0 0 0 0 0 0 0 1.1011428314305904e-20 -1.4611318340136681e-20 1.1011428314305904e-20 -1.4611318340136681e-20 0 0 
0.29851751178487751 0 0 0 0 0 0 0 0 0 0 0 0 -1.1333300834262539e-18 8.8938459461701536e-20 -1.1333300834262539e-18 8.8938459461701536e-20 0 0 
0.2990047385835799 0 0 0 0 0 0 0 0 0 0 0 0 -3.8285889215894375e-19 -7.8774064094649932e-20 -3.8285889215894375e-19 -7.8774064094649932e-20 0 0 
0.29939618997226802 0 0 0 0 0 0 0 0 0 0 0 0 -7.53012290109073e-19 -6.5645053412208276e-21 -7.53012290109073e-19 -6.5645053412208276e-21 0 0 
0.29969090443680724 0 0 0 0 0 0 0 0 0 0 0 0 -4.4723339615027058e-19 -1.3298417271892515e-19 -4.4723339615027058e-19 -1.3298417271892515e-19 0 0 
0.29988533964470454 0 0 0 0 0 0 0 0 0 0 0 0 -3.0069669627527662e-19 -6.9668459911666203e-20 -3.0069669627527662e-19 -6.9668459911666203e-20 0 0 
0.29998097352624997 0 0 0 0 0 0 0 0 0 0 0 0 5.1838416371963181e-19 -7.580944877925988e-20 5.1838416371963181e-19 -7.580944877925988e-20 0 0 
0.30000053623553358 0 0 0 0 0 0 0 0 0 0 0 0 -3.7269449679189215e-20 -4.1716372652274292e-20 -3.7269449679189215e-20 -4.1716372652274292e-20 0 0 
0.30000323207131502 0 0 0 0 0 0 0 0 0 0 0 0 -6.6068569885835426e-19 -1.5246593050577406e-20 -6.6068569885835426e-19 -1.5246593050577406e-20 0 0 
0.30000871466392176 0 0 0 0 0 0 0 0 0 0 0 0 -2.3716922523120409e-19 9.952637130238029e-21 -2.3716922523120409e-19 9.952637130238029e-21 0 0 
0.30001702880801251 0 0 0 0 0 0 0 0 0 0 0 0 -4.1165801236558996e-19 2.2022856628611809e-20 -4.1165801236558996e-19 2.2022856628611809e-20 0 0 
0.3000280797071897 0 0 0 0 0 0 0 0 0 0 0 0 -8.1230459641687403e-19 -1.4399560103323106e-20 -8.1230459641687403e-19 -1.4399560103323106e-20 0 0 
0.30004184700100162 0 0 0 0 0 0 0 0 0 0 0 0 -4.1504614415460717e-19 6.5645053412208276e-21 -4.1504614415460717e-19 6.5645053412208276e-21 0 0 
0.30005837730901697 0 0 0 0 0 0 0 0 0 0 0 0 -2.8460307027744491e-19 -2.3928680759933985e-20 -2.8460307027744491e-19 -2.3928680759933985e-20 0 0 
0.30007768668832741 0 0 0 0 0 0 0 0 0 0 0 0 -4.929731753020028e-19 1.1434944787933055e-20 -4.929731753020028e-19 1.1434944787933055e-20 0 0 
0.30009974588027505 0 0 0 0 0 0 0 0 0 0 0 0 -2.8714416911920781e-19 -2.0752307207730358e-20 -2.8714416911920781e-19 -2.0752307207730358e-20 0 0 
0.30012454063800448 0 0 0 0 0 0 0 0 0 0 0 0 -5.090668012998345e-19 -4.5951537388545793e-20 -5.090668012998345e-19 -4.5951537388545793e-20 0 0 
0.30015208864305587 0 0 0 0 0 0 0 0 0 0 0 0 -9.7662898818420829e-19 -2.3293406049493259e-20 -9.7662898818420829e-19 -2.3293406049493259e-20 0 0 
0.30018239867381596 0 0 0 0 0 0 0 0 0 0 0 0 -8.6227954030487775e-19 -1.1773757966834775e-19 -8.6227954030487775e-19 -1.1773757966834775e-19 0 0 
0.30021545519837484 0 0 0 0 0 0 0 0 0 0 0 0 -6.9710811559028918e-19 -4.8280877993495119e-20 -6.9710811559028918e-19 -4.8280877993495119e-20 0 0 
0.30025124808411419 0 0 0 0 0 0 0 0 0 0 0 0 -8.6651470504114925e-19 -4.5951537388545793e-20 -8.6651470504114925e-19 -4.5951537388545793e-20 0 0 
0.30028978600154138 0 0 0 0 0 0 0 0 0 0 0 0 -5.2600746024492051e-19 -6.9244943438039053e-20 -5.2600746024492051e-19 -6.9244943438039053e-20 0 0 
0.30033107370039674 0 0 0 0 0 0 0 0 0 0 0 0 -5.056786695108173e-19 -3.1975493758849838e-20 -5.056786695108173e-19 -3.1975493758849838e-20 0 0 
0.30037510041493964 0 0 0 0 0 0 0 0 0 0 0 0 3.0831999280056532e-19 -6.8821426964411903e-20 3.0831999280056532e-19 -6.8821426964411903e-20 0 0 
0.3004218579207904 0 0 0 0 0 0 0 0 0 0 0 0 -1.8295911660692887e-19 -9.910285482875314e-20 -1.8295911660692887e-19 -9.910285482875314e-20 0 0 
0.30047135060916874 0 0 0 0 0 0 0 0 0 0 0 0 -4.8704394467122269e-19 8.2797470594107858e-20 -4.8704394467122269e-19 8.2797470594107858e-20 0 0 
0.30052358072063218 0 0 0 0 0 0 0 0 0 0 0 0 -3.8455295805345235e-19 1.9905274260476058e-20 -3.8455295805345235e-19 1.9905274260476058e-20 0 0 
0.30057853952141306 0 0 0 0 0 0 0 0 0 0 0 0 -4.1758724299637007e-19 -1.1096131609031334e-19 -4.1758724299637007e-19 -1.1096131609031334e-19 0 0 
0.30063621965949222 0 0 0 0 0 0 0 0 0 0 0 0 -9.7408788934244539e-20 3.3881317890172014e-20 -9.7408788934244539e-20 3.3881317890172014e-20 0 0 
0.3006966229583341 0 0 0 0 0 0 0 0 0 0 0 0 -3.6337713437209485e-19 9.2961865961159462e-20 -3.6337713437209485e-19 9.2961865961159462e-20 0 0 
0.30075974988726317 0 0 0 0 0 0 0 0 0 0 0 0 -8.6905580388291215e-19 -3.3246043179731288e-20 -8.6905580388291215e-19 -3.3246043179731288e-20 0 0 
0.30082559262093395 0 0 0 0 0 0 0 0 0 0 0 0 -2.7359164196313901e-19 -4.3833955020410043e-20 -2.7359164196313901e-19 -4.3833955020410043e-20 0 0 
0.30089414415018689 0 0 0 0 0 0 0 0 0 0 0 0 -4.1589317710186147e-19 -4.4469229730850768e-20 -4.1589317710186147e-19 -4.4469229730850768e-20 0 0 
0.30096540450999043 0 0 0 0 0 0 0 0 0 0 0 0 -3.5067164016328034e-19 -6.8186152253971177e-20 -3.5067164016328034e-19 -6.8186152253971177e-20 0 0 
0.30103937279714738 0 0 0 0 0 0 0 0 0 0 0 0 -9.8255821881498839e-20 -4.3622196783596467e-20 -9.8255821881498839e-20 -4.3622196783596467e-20 0 0 
0.30111604154366145 0 0 0 0 0 0 0 0 0 0 0 0 -9.2919514313796747e-19 -1.2303153558868712e-19 -9.2919514313796747e-19 -1.2303153558868712e-19 0 0 
0.30119540378636495 0 0 0 0 0 0 0 0 0 0 0 0 7.6232965252887031e-21 -5.1033735072071595e-20 7.6232965252887031e-21 -5.1033735072071595e-20 0 0 
0.30127745818266577 0 0 0 0 0 0 0 0 0 0 0 0 -4.2436350657440447e-19 -6.1409888675936775e-20 -4.2436350657440447e-19 -6.1409888675936775e-20 0 0 
0.3013622026925532 0 0 0 0 0 0 0 0 0 0 0 0 -1.1773757966834775e-18 -9.6773514223803814e-20 -1.1773757966834775e-18 -9.6773514223803814e-20 0 0 
0.30144962990186297 0 0 0 0 0 0 0 0 0 0 0 0 -2.4818065354551e-19 -6.6703844596276152e-20 -2.4818065354551e-19 -6.6703844596276152e-20 0 0 
0.30153973271456624 0 0 0 0 0 0 0 0 0 0 0 0 -2.7189757606863041e-19 -4.3833955020410043e-20 -2.7189757606863041e-19 -4.3833955020410043e-20 0 0 
0.30163250865079949 0 0 0 0 0 0 0 0 0 0 0 0 -5.4548921803176942e-19 -4.1928130889087867e-20 -5.4548921803176942e-19 -4.1928130889087867e-20 0 0 
0.30172795468355051 0 0 0 0 0 0 0 0 0 0 0 0 -8.7074986977742075e-19 3.0069669627527662e-20 -8.7074986977742075e-19 3.0069669627527662e-20 0 0 
0.30182606327134198 0 0 0 0 0 0 0 0 0 0 0 0 -7.7164701494866761e-19 -8.2162195883667133e-20 -7.7164701494866761e-19 -8.2162195883667133e-20 0 0 
0.30192682707160762 0 0 0 0 0 0 0 0 0 0 0 0 -2.0921713797181218e-19 -1.0947900843261832e-19 -2.0921713797181218e-19 -1.0947900843261832e-19 0 0 
0.30203024261912947 0 0 0 0 0 0 0 0 0 0 0 0 -5.8784086539448444e-19 3.0704944337968387e-20 -5.8784086539448444e-19 3.0704944337968387e-20 0 0 
0.30213630600096969 0 0 0 0 0 0 0 0 0 0 0 0 -1.5246593050577406e-20 1.6728900708272432e-20 -1.5246593050577406e-20 1.6728900708272432e-20 0 0 
0.30224500943389043 0 0 0 0 0 0 0 0 0 0 0 0 -7.538593230563273e-19 -9.952637130238029e-20 -7.538593230563273e-19 -9.952637130238029e-20 0 0 
0.30235634525368998 0 0 0 0 0 0 0 0 0 0 0 0 -5.2770152613942911e-19 4.0022306757765691e-20 -5.2770152613942911e-19 4.0022306757765691e-20 0 0 
0.30247030911204259 0 0 0 0 0 0 0 0 0 0 0 0 1.1858461261560205e-20 -8.8726701224887961e-20 1.1858461261560205e-20 -8.8726701224887961e-20 0 0 
0.30258689628184587 0 0 0 0 0 0 0 0 0 0 0 0 -9.5799426334461368e-19 -5.3363075677020921e-20 -9.5799426334461368e-19 -5.3363075677020921e-20 0 0 
0.30270609866283715 0 0 0 0 0 0 0 0 0 0 0 0 -5.082197683525802e-20 5.6539449229224548e-20 -5.082197683525802e-20 5.6539449229224548e-20 0 0 
0.30282790821825467 0 0 0 0 0 0 0 0 0 0 0 0 -4.4130416551949048e-19 -1.6030098526787634e-19 -4.4130416551949048e-19 -1.6030098526787634e-19 0 0 
0.30295231978920012 0 0 0 0 0 0 0 0 0 0 0 0 3.4220131069073734e-19 -1.4081922748102743e-19 3.4220131069073734e-19 -1.4081922748102743e-19 0 0 
0.30307932788769965 0 0 0 0 0 0 0 0 0 0 0 0 4.2351647362715017e-20 -2.6469779601696886e-20 4.2351647362715017e-20 -2.6469779601696886e-20 0 0 
0.30320892404564037 0 0 0 0 0 0 0 0 0 0 0 0 -2.583450489125616e-19 -1.6326560058326639e-19 -2.583450489125616e-19 -1.6326560058326639e-19 0 0 
0.30334109981866475 0 0 0 0 0 0 0 0 0 0 0 0 -2.1514636860259229e-19 -9.7197030697430964e-20 -2.1514636860259229e-19 -9.7197030697430964e-20 0 0 
0.30347584929118387 0 0 0 0 0 0 0 0 0 0 0 0 -4.2690460541616737e-19 -1.2599615090407718e-19 -4.2690460541616737e-19 -1.2599615090407718e-19 0 0 
0.30361316625557477 0 0 0 0 0 0 0 0 0 0 0 0 -9.918755812347857e-19 -5.9927581018241749e-20 -9.918755812347857e-19 -5.9927581018241749e-20 0 0 
0.30375304184106278 0 0 0 0 0 0 0 0 0 0 0 0 -7.411538288475128e-19 -8.7667910040820085e-20 -7.411538288475128e-19 -8.7667910040820085e-20 0 0 
0.30389546717153959 0 0 0 0 0 0 0 0 0 0 0 0 -3.0239076216978522e-19 -3.832824086325709e-20 -3.0239076216978522e-19 -3.832824086325709e-20 0 0 
0.30404043561644234 0 0 0 0 0 0 0 0 0 0 0 0 -6.1155778791760484e-19 -9.0420767119396561e-20 -6.1155778791760484e-19 -9.0420767119396561e-20 0 0 
0.30418794028159901 0 0 0 0 0 0 0 0 0 0 0 0 -3.1679032227310833e-19 -4.3410438546782892e-20 -3.1679032227310833e-19 -4.3410438546782892e-20 0 0 
0.30433797186970407 0 0 0 0 0 0 0 0 0 0 0 0 -2.0498197323554068e-19 -2.6469779601696886e-20 -2.0498197323554068e-19 -2.6469779601696886e-20 0 0 
0.30449052105646546 0 0 0 0 0 0 0 0 0 0 0 0 -4.6163295625359368e-19 -5.5904174518783822e-20 -4.6163295625359368e-19 -5.5904174518783822e-20 0 0 
0.30464558052988855 0 0 0 0 0 0 0 0 0 0 0 0 2.2700482986415249e-19 -6.20451633863775e-20 2.2700482986415249e-19 -6.20451633863775e-20 0 0 
0.30480314273676207 0 0 0 0 0 0 0 0 0 0 0 0 -4.3113977015243887e-19 1.2281977735187355e-20 -4.3113977015243887e-19 1.2281977735187355e-20 0 0 
0.30496319793713383 0 0 0 0 0 0 0 0 0 0 0 0 -6.6915602833089727e-19 -1.130788984584491e-19 -6.6915602833089727e-19 -1.130788984584491e-19 0 0 
0.30512573634775231 0 0 0 0 0 0 0 0 0 0 0 0 -6.7847339075069457e-19 -6.6492086359462577e-20 -6.7847339075069457e-19 -6.6492086359462577e-20 0 0 
0.30529075000311207 0 0 0 0 0 0 0 0 0 0 0 0 -2.8714416911920781e-19 -1.6601845766184287e-19 -2.8714416911920781e-19 -1.6601845766184287e-19 0 0 
0.30545823071455835 0 0 0 0 0 0 0 0 0 0 0 0 -3.6337713437209485e-19 -8.9361975935328686e-20 -3.6337713437209485e-19 -8.9361975935328686e-20 0 0 
0.30562816828904948 0 0 0 0 0 0 0 0 0 0 0 0 -1.8719428134320037e-19 2.8375603733019061e-20 -1.8719428134320037e-19 2.8375603733019061e-20 0 0 
0.30580055247786497 0 0 0 0 0 0 0 0 0 0 0 0 -4.2351647362715017e-19 5.1880768019325896e-20 -4.2351647362715017e-19 5.1880768019325896e-20 0 0 
0.30597537468597524 0 0 0 0 0 0 0 0 0 0 0 0 -8.3009228830921433e-19 -4.1292856178647142e-20 -8.3009228830921433e-19 -4.1292856178647142e-20 0 0 
0.30615262611010546 0 0 0 0 0 0 0 0 0 0 0 0 -3.3034284942917713e-19 2.3293406049493259e-20 -3.3034284942917713e-19 2.3293406049493259e-20 0 0 
0.30633229609795476 0 0 0 0 0 0 0 0 0 0 0 0 -5.1584306487786891e-19 -5.8233515123733148e-20 -5.1584306487786891e-19 -5.8233515123733148e-20 0 0 
0.30651437393212522 0 0 0 0 0 0 0 0 0 0 0 0 -5.6158284402960112e-19 1.7364175418713157e-20 -5.6158284402960112e-19 1.7364175418713157e-20 0 0 
0.30669885040926292 0 0 0 0 0 0 0 0 0 0 0 0 -4.1335207826009857e-19 6.5009778701767551e-20 -4.1335207826009857e-19 6.5009778701767551e-20 0 0 
0.3068857161303209 0 0 0 0 0 0 0 0 0 0 0 0 -5.7852350297468713e-19 -8.8514942988074385e-20 -5.7852350297468713e-19 -8.8514942988074385e-20 0 0 
0.3070749599808722 0 0 0 0 0 0 0 0 0 0 0 0 -4.8280877993495119e-19 -3.748120791600279e-20 -4.8280877993495119e-19 -3.748120791600279e-20 0 0 
0.3072665707742499 0 0 0 0 0 0 0 0 0 0 0 0 -1.1350241493207625e-19 -3.8116482626443515e-20 -1.1350241493207625e-19 -3.8116482626443515e-20 0 0 
0.30746053871798862 0 0 0 0 0 0 0 0 0 0 0 0 -2.9137933385547932e-19 -3.6210658495121339e-20 -2.9137933385547932e-19 -3.6210658495121339e-20 0 0 
0.30765685383470714 0 0 0 0 0 0 0 0 0 0 0 0 -5.9038196423624734e-19 -6.7762635780344027e-20 -5.9038196423624734e-19 -6.7762635780344027e-20 0 0 
0.30785550454760158 0 0 0 0 0 0 0 0 0 0 0 0 -8.8769052872250676e-19 6.3527471044072525e-22 -8.8769052872250676e-19 6.3527471044072525e-22 0 0 
0.30805647920226453 0 0 0 0 0 0 0 0 0 0 0 0 -1.0994487655360818e-18 -7.6232965252887031e-20 -1.0994487655360818e-18 -7.6232965252887031e-20 0 0 
0.30825976743491268 0 0 0 0 0 0 0 0 0 0 0 0 -1.2629261243561618e-18 -7.6444723489700606e-20 -1.2629261243561618e-18 -7.6444723489700606e-20 0 0 
0.30846535870626995 0 0 0 0 0 0 0 0 0 0 0 0 2.0244087439377778e-19 -2.6046263128069735e-20 2.0244087439377778e-19 -2.6046263128069735e-20 0 0 
0.30867324097902132 0 0 0 0 0 0 0 0 0 0 0 0 -2.8799120206646212e-19 -3.3669559653358438e-20 -2.8799120206646212e-19 -3.3669559653358438e-20 0 0 
0.30888340213430032 0 0 0 0 0 0 0 0 0 0 0 0 -2.8460307027744491e-19 3.1763735522036263e-21 -2.8460307027744491e-19 3.1763735522036263e-21 0 0 
0.30909583125379148 0 0 0 0 0 0 0 0 0 0 0 0 -7.8435250915748211e-19 -3.4093076126985589e-20 -7.8435250915748211e-19 -3.4093076126985589e-20 0 0 
0.30931051725206593 0 0 0 0 0 0 0 0 0 0 0 0 -8.7837316630270945e-19 0 -8.7837316630270945e-19 0 0 0 
0.30952744763491191 0 0 0 0 0 0 0 0 0 0 0 0 -8.1738679410039983e-19 1.0376153603865179e-20 -8.1738679410039983e-19 1.0376153603865179e-20 0 0 
0.30974660982376012 0 0 0 0 0 0 0 0 0 0 0 0 -1.147729643529577e-18 -9.867933835512599e-20 -1.147729643529577e-18 -9.867933835512599e-20 0 0 
0.3099679923618438 0 0 0 0 0 0 0 0 0 0 0 0 -2.3462812638944119e-19 -8.4491536488616459e-20 -2.3462812638944119e-19 -8.4491536488616459e-20 0 0 
0.31019158363285093 0 0 0 0 0 0 0 0 0 0 0 0 -1.0020399766018373e-18 -1.9989977555201488e-19 -1.0020399766018373e-18 -1.9989977555201488e-19 0 0 
0.31041737069075709 0 0 0 0 0 0 0 0 0 0 0 0 -4.2690460541616737e-19 -1.3976043629695956e-20 -4.2690460541616737e-19 -1.3976043629695956e-20 0 0 
0.31064534050330972 0 0 0 0 0 0 0 0 0 0 0 0 -5.3193669087570061e-19 -6.9033185201225478e-20 -5.3193669087570061e-19 -6.9033185201225478e-20 0 0 
0.31087548109089091 0 0 0 0 0 0 0 0 0 0 0 0 -3.6676526616111205e-19 1.0587911840678754e-20 -3.6676526616111205e-19 1.0587911840678754e-20 0 0 
0.31110778032127212 0 0 0 0 0 0 0 0 0 0 0 0 -8.2670415652019713e-19 -3.0704944337968387e-20 -8.2670415652019713e-19 -3.0704944337968387e-20 0 0 
0.3113422248029572 0 0 0 0 0 0 0 0 0 0 0 0 -4.0403471584030126e-19 -3.3034284942917713e-20 -4.0403471584030126e-19 -3.3034284942917713e-20 0 0 
0.31157880105712643 0 0 0 0 0 0 0 0 0 0 0 0 -1.5263533709522492e-18 4.8280877993495119e-20 -1.5263533709522492e-18 4.8280877993495119e-20 0 0 
0.31181749659660024 0 0 0 0 0 0 0 0 0 0 0 0 -1.3713463416047122e-18 -9.5714723039735938e-20 -1.3713463416047122e-18 -9.5714723039735938e-20 0 0 
0.31205829878802488 0 0 0 0 0 0 0 0 0 0 0 0 -5.3786592150648072e-19 -1.5098362284807904e-19 -5.3786592150648072e-19 -1.5098362284807904e-19 0 0 
0.31230119380186394 0 0 0 0 0 0 0 0 0 0 0 0 -3.9471735342050396e-19 -5.1245493308885171e-20 -3.9471735342050396e-19 -5.1245493308885171e-20 0 0 
0.31254616772081223 0 0 0 0 0 0 0 0 0 0 0 0 -9.7408788934244539e-20 -8.6397360619938635e-20 -9.7408788934244539e-20 -8.6397360619938635e-20 0 0 
0.31279320756523488 0 0 0 0 0 0 0 0 0 0 0 0 1.6940658945086007e-19 -4.6586812098986519e-20 1.6940658945086007e-19 -4.6586812098986519e-20 0 0 
0.31304230021536766 0 0 0 0 0 0 0 0 0 0 0 0 -1.4230153513872246e-18 -7.2209558753429104e-20 -1.4230153513872246e-18 -7.2209558753429104e-20 0 0 
0.31329343141202359 0 0 0 0 0 0 0 0 0 0 0 0 -1.0249098661777034e-19 5.3998350387461647e-20 -1.0249098661777034e-19 5.3998350387461647e-20 0 0 
0.31354658680835346 0 0 0 0 0 0 0 0 0 0 0 0 -5.8021756886919573e-19 3.790472438962994e-20 -5.8021756886919573e-19 3.790472438962994e-20 0 0