Momentum Spectrum, a: 1nm    v: 0.5c   b: 2.5nm    Lmax: 5 

         w(au)                   dpEdwx                 dpHdwx                 dpEdwz                dpHdwz                  dpEsdwx                dpHsdwx                dpEsdwz                dpHsdwz              dpEedwx                dpHedwx                dpEedwz                dpHedwz
2.7133085101382903e-05 0 0 0 0 0 0 0 0 2.4667331391779951e-17 -2.4667341266248513e-17 0 0 
0.00016350137266446518 0 0 0 0 0 0 0 0 7.5355729722898038e-16 -7.5355731356579748e-16 0 0 
0.00044071608147164265 0 0 0 0 0 0 0 0 4.9048846123748351e-15 -4.9048846176481115e-15 0 0 
0.00086081093448711621 0 0 0 0 0 0 0 0 1.7243556872534152e-14 -1.7243556876928549e-14 0 0 
0.0014186158185829911 0 0 0 0 0 0 0 0 4.3855255402724073e-14 -4.3855255404636929e-14 0 0 
0.0021126012396145422 0 0 0 0 0 0 0 0 9.19960167379898e-14 -9.1996016753551135e-14 0 0 
0.0029445282021452468 0 0 0 0 0 0 0 0 1.7019313904409074e-13 -1.7019313904760626e-13 0 0 
0.003914494797101431 0 0 0 0 0 0 0 0 2.8786978104372945e-13 -2.8786978105737793e-13 0 0 
0.0050201606205499683 0 0 0 0 0 0 0 0 4.5489034951255484e-13 -4.5489034951038349e-13 0 0 
0.0062598227079137536 0 0 0 0 0 0 0 0 6.8167620530576264e-13 -6.8167620532359872e-13 0 0 
0.0076333052380676558 0 0 0 0 0 0 0 0 9.7939525439505549e-13 -9.7939525440368919e-13 0 0 
0.0091398683995556618 0 0 0 0 0 0 0 0 1.3595733065293412e-12 -1.3595733065373028e-12 0 0 
0.010777394218820652 0 0 0 0 0 0 0 0 1.8336701112047768e-12 -1.8336701112134622e-12 0 0 
0.012543920653532964 0 0 0 0 0 0 0 0 2.4132739935159244e-12 -2.4132739935154074e-12 0 0 
0.014438359865826866 0 0 0 0 0 0 0 0 3.1103336973570819e-12 -3.1103336973699032e-12 0 0 
0.016459317295570902 0 0 0 0 0 0 0 0 3.9367646897937171e-12 -3.9367646898052459e-12 0 0 
0.018604465124198805 0 0 0 0 0 0 0 0 4.9040360329157403e-12 -4.9040360329256665e-12 0 0 
0.020871493322656143 0 0 0 0 0 0 0 0 6.0234081351957905e-12 -6.0234081352197787e-12 0 0 
0.02325866555547923 0 0 0 0 0 0 0 0 7.3061951268189396e-12 -7.3061951268395157e-12 0 0 
0.025764035426540266 0 0 0 0 0 0 0 0 8.7633731772234714e-12 -8.7633731772475114e-12 0 0 
0.028384954922211783 0 0 0 0 0 0 0 0 1.0405176205764111e-11 -1.0405176205780138e-11 0 0 
0.03111874318509282 0 0 0 0 0 0 0 0 1.2241365651262981e-11 -1.2241365651276165e-11 0 0 
0.03396313314120275 0 0 0 0 0 0 0 0 1.428152000895042e-11 -1.4281520008955694e-11 0 0 
0.036915696827193673 0 0 0 0 0 0 0 0 1.6534649389599725e-11 -1.6534649389610478e-11 0 0 
0.039973443719530891 0 0 0 0 0 0 0 0 1.9008800239874312e-11 -1.9008800239885066e-11 0 0 
0.043133331363444494 0 0 0 0 0 0 0 0 2.1711353191106142e-11 -2.1711353191123565e-11 0 0 
0.046392639076863182 0 0 0 0 0 0 0 0 2.4649339119473903e-11 -2.4649339119481451e-11 0 0 
0.04974851682369448 0 0 0 0 0 0 0 0 2.7829061899173796e-11 -2.7829061899177983e-11 0 0 
0.053197644277142853 0 0 0 0 0 0 0 0 3.1255711721149606e-11 -3.1255711721159067e-11 0 0 
0.056736644309891504 0 0 0 0 0 0 0 0 3.493368943889188e-11 -3.4933689438891053e-11 0 0 
0.060362407086757761 0 0 0 0 0 0 0 0 3.8866949291815588e-11 -3.8866949291819052e-11 0 0 
0.06407171754730441 0 0 0 0 0 0 0 0 4.3058629809879905e-11 -4.3058629809880629e-11 0 0 
0.067860956253416371 0 0 0 0 0 0 0 0 4.7510674001993519e-11 -4.7510674001998327e-11 0 0 
0.071726449595072114 0 0 0 0 0 0 0 0 5.222417927693785e-11 -5.2224179276953566e-11 0 0 
0.075664759711413662 0 0 0 0 0 0 0 0 5.7199767018950987e-11 -5.7199767018948506e-11 0 0 
0.079672364357093836 0 0 0 0 0 0 0 0 6.2437219797995791e-11 -6.2437219798001736e-11 0 0 
0.083745386635392521 0 0 0 0 0 0 0 0 6.7935105186092617e-11 -6.7935105186098201e-11 0 0 
0.087879902516054403 0 0 0 0 0 0 0 0 7.3691150402018965e-11 -7.3691150402029977e-11 0 0 
0.092072207353293106 0 0 0 0 0 0 0 0 7.970263881627362e-11 -7.9702638816282771e-11 0 0 
0.09631853149673858 0 0 0 0 0 0 0 0 8.5966050027210025e-11 -8.596605002720987e-11 0 0 
0.10061478961526461 0 0 0 0 0 0 0 0 9.2476682570125304e-11 -9.2476682570134351e-11 0 0 
0.1049568590497002 0 0 0 0 0 0 0 0 9.9229052435694949e-11 -9.9229052435695672e-11 0 0 
0.10934083090140731 0 0 0 0 0 0 0 0 1.0621731664099125e-10 -1.062173166410003e-10 0 0 
0.11376275003283018 0 0 0 0 0 0 0 0 1.1343491137741898e-10 -1.1343491137742673e-10 0 0 
0.1182183768392184 0 0 0 0 0 0 0 0 1.2087416749801634e-10 -1.2087416749802528e-10 0 0 
0.12270344595643837 0 0 0 0 0 0 0 0 1.2852673227545535e-10 -1.2852673227547422e-10 0 0 
0.12721390824064918 0 0 0 0 0 0 0 0 1.363840206235969e-10 -1.3638402062359866e-10 0 0 
0.13174568684716667 0 0 0 0 0 0 0 0 1.4443684540945309e-10 -1.4443684540946524e-10 0 0 
0.13629444554612472 0 0 0 0 0 0 0 0 1.5267501833658082e-10 -1.5267501833659028e-10 0 0 
0.14085583497741319 0 0 0 0 0 0 0 0 1.6108779490525076e-10 -1.610877949052656e-10 0 0 
0.14542573093919775 0 0 0 0 0 0 0 0 1.6966435485228718e-10 -1.6966435485229803e-10 0 0 
0.14999999999999999 0 0 0 0 0 0 0 0 1.7839341779256573e-10 -1.7839341779258228e-10 0 0 
0.15457426906080224 0 0 0 0 0 0 0 0 1.8726282086652937e-10 -1.8726282086652947e-10 0 0 
0.1591441650225868 0 0 0 0 0 0 0 0 1.9625998793553339e-10 -1.9625998793555335e-10 0 0 
0.16370555445387527 0 0 0 0 0 0 0 0 2.0537244244965531e-10 -2.0537244244967279e-10 0 0 
0.16825431315283332 0 0 0 0 0 0 0 0 2.1458740072131889e-10 -2.1458740072134071e-10 0 0 
0.17278609175935081 0 0 0 0 0 0 0 0 2.2389131627916751e-10 -2.2389131627918674e-10 0 0 
0.17729655404356162 0 0 0 0 0 0 0 0 2.3327037593855684e-10 -2.3327037593857571e-10 0 0 
0.18178162316078159 0 0 0 0 0 0 0 0 2.4271105074811063e-10 -2.4271105074812991e-10 0 0 
0.18623724996716981 0 0 0 0 0 0 0 0 2.521996582101391e-10 -2.521996582101469e-10 0 0 
0.19065916909859268 0 0 0 0 0 0 0 0 2.6172186136077509e-10 -2.6172186136078709e-10 0 0 
0.19504314095029979 0 0 0 0 0 0 0 0 2.7126319657538566e-10 -2.7126319657539424e-10 0 0 
0.19938521038473539 0 0 0 0 0 0 0 0 2.8080967172177072e-10 -2.8080967172177656e-10 0 0 
0.20368146850326141 0 0 0 0 0 0 0 0 2.9034728725573129e-10 -2.9034728725574261e-10 0 0 
0.20792779264670688 0 0 0 0 0 0 0 0 2.9986147513509627e-10 -2.9986147513510635e-10 0 0 
0.21212009748394559 0 0 0 0 0 0 0 0 3.0933766619665482e-10 -3.0933766619667007e-10 0 0 
0.21625461336460747 0 0 0 0 0 0 0 0 3.1876194960231797e-10 -3.1876194960233664e-10 0 0 
0.22032763564290614 0 0 0 0 0 0 0 0 3.2812054057514481e-10 -3.2812054057514838e-10 0 0 
0.22433524028858631 0 0 0 0 0 0 0 0 3.3739913955711156e-10 -3.3739913955711823e-10 0 0 
0.22827355040492786 0 0 0 0 0 0 0 0 3.4658355101954906e-10 -3.4658355101956044e-10 0 0 
0.23213904374658362 0 0 0 0 0 0 0 0 3.5566042559951334e-10 -3.5566042559953004e-10 0 0 
0.23592828245269559 0 0 0 0 0 0 0 0 3.6461665874339399e-10 -3.6461665874340826e-10 0 0 
0.23963759291324221 0 0 0 0 0 0 0 0 3.7343864266641934e-10 -3.7343864266641934e-10 0 0 
0.24326335569010848 0 0 0 0 0 0 0 0 3.821129540893315e-10 -3.821129540893347e-10 0 0 
0.24680235572285714 0 0 0 0 0 0 0 0 3.9062721186310181e-10 -3.9062721186310874e-10 0 0 
0.25025148317630552 0 0 0 0 0 0 0 0 3.9896938507272993e-10 -3.9896938507272894e-10 0 0 
0.25360736092313679 0 0 0 0 0 0 0 0 4.0712689676217392e-10 -4.0712689676218504e-10 0 0 
0.2568666686365555 0 0 0 0 0 0 0 0 4.1508740637189392e-10 -4.1508740637191015e-10 0 0 
0.26002655628046911 0 0 0 0 0 0 0 0 4.2283983474283818e-10 -4.2283983474283627e-10 0 0 
0.26308430317280629 0 0 0 0 0 0 0 0 4.303735508124743e-10 -4.3037355081249141e-10 0 0 
0.26603686685879724 0 0 0 0 0 0 0 0 4.3767726135035692e-10 -4.3767726135037579e-10 0 0 
0.26888125681490715 0 0 0 0 0 0 0 0 4.4473992672567426e-10 -4.4473992672569483e-10 0 0 
0.27161504507778822 0 0 0 0 0 0 0 0 4.5155204000545458e-10 -4.5155204000545913e-10 0 0 
0.27423596457345972 0 0 0 0 0 0 0 0 4.5810464562075822e-10 -4.5810464562077156e-10 0 0 
0.27674133444452076 0 0 0 0 0 0 0 0 4.6438790104643222e-10 -4.6438790104644974e-10 0 0 
0.27912850667734385 0 0 0 0 0 0 0 0 4.7039218540597795e-10 -4.7039218540598736e-10 0 0 
0.28139553487580116 0 0 0 0 0 0 0 0 4.7610978982476904e-10 -4.7610978982478497e-10 0 0 
0.28354068270442911 0 0 0 0 0 0 0 0 4.8153369493423863e-10 -4.8153369493425352e-10 0 0 
0.28556164013417312 0 0 0 0 0 0 0 0 4.8665558561603855e-10 -4.8665558561605375e-10 0 0 
0.287456079346467 0 0 0 0 0 0 0 0 4.9146724596281134e-10 -4.9146724596281971e-10 0 0 
0.28922260578117931 0 0 0 0 0 0 0 0 4.9596298104648279e-10 -4.9596298104649065e-10 0 0 
0.29086013160044433 0 0 0 0 0 0 0 0 5.0013803875103921e-10 -5.0013803875105648e-10 0 0 
0.29236669476193233 0 0 0 0 0 0 0 0 5.0398559412315831e-10 -5.0398559412315955e-10 0 0 
0.29374017729208624 0 0 0 0 0 0 0 0 5.0749856760811275e-10 -5.0749856760812247e-10 0 0 
0.29497983937945005 0 0 0 0 0 0 0 0 5.106735538094384e-10 -5.1067355380945525e-10 0 0 
0.29608550520289856 0 0 0 0 0 0 0 0 5.1350875325714508e-10 -5.1350875325716887e-10 0 0 
0.29705547179785474 0 0 0 0 0 0 0 0 5.1599860517477413e-10 -5.1599860517477796e-10 0 0 
0.29788739876038545 0 0 0 0 0 0 0 0 5.1813605268320869e-10 -5.1813605268321655e-10 0 0 
0.298581384181417 0 0 0 0 0 0 0 0 5.199204498422477e-10 -5.199204498422508e-10 0 0 
0.29913918906551284 0 0 0 0 0 0 0 0 5.213555868801677e-10 -5.2135558688017556e-10 0 0 
0.29955928391852837 0 0 0 0 0 0 0 0 5.224369418102394e-10 -5.2243694181024395e-10 0 0 
0.29983649862733552 0 0 0 0 0 0 0 0 5.2315075781066847e-10 -5.2315075781066258e-10 0 0 
0.29997286691489861 0 0 0 0 0 0 0 0 5.2350197165258629e-10 -5.2350197165259808e-10 0 0 
0.30000059078074809 0 0 0 0 0 0 0 0 5.2357337967198219e-10 -5.2357337967198798e-10 0 0 
0.30000356082818674 0 0 0 0 0 0 0 0 5.2358102970168621e-10 -5.2358102970168983e-10 0 0 
0.30000960107539265 0 0 0 0 0 0 0 0 5.2359658779480973e-10 -5.2359658779483455e-10 0 0 
0.30001876084094969 0 0 0 0 0 0 0 0 5.2362018112517912e-10 -5.236201811251816e-10 0 0 
0.30003093563367417 0 0 0 0 0 0 0 0 5.2365154076088041e-10 -5.2365154076089778e-10 0 0 
0.30004610295221368 0 0 0 0 0 0 0 0 5.2369060902020964e-10 -5.2369060902022018e-10 0 0 
0.30006431407443207 0 0 0 0 0 0 0 0 5.2373751833271615e-10 -5.2373751833272412e-10 0 0 
0.3000855865904401 0 0 0 0 0 0 0 0 5.2379231442918456e-10 -5.2379231442918715e-10 0 0 
0.30010988814452072 0 0 0 0 0 0 0 0 5.2385491445434047e-10 -5.2385491445435866e-10 0 0 
0.30013720290229112 0 0 0 0 0 0 0 0 5.2392527817489291e-10 -5.2392527817490842e-10 0 0 
0.30016755019256702 0 0 0 0 0 0 0 0 5.2400345600737574e-10 -5.2400345600737595e-10 0 0 
0.30020093951885418 0 0 0 0 0 0 0 0 5.2408947313100178e-10 -5.2408947313101274e-10 0 0 
0.30023735358012893 0 0 0 0 0 0 0 0 5.2418328574073527e-10 -5.2418328574075223e-10 0 0 
0.30027678100656341 0 0 0 0 0 0 0 0 5.2428486537548647e-10 -5.2428486537549764e-10 0 0 
0.30031923113205899 0 0 0 0 0 0 0 0 5.2439423698170475e-10 -5.2439423698171261e-10 0 0 
0.30036470895443051 0 0 0 0 0 0 0 0 5.2451141440567888e-10 -5.245114144056795e-10 0 0 
0.30041320235572655 0 0 0 0 0 0 0 0 5.2463636746125937e-10 -5.2463636746127198e-10 0 0 
0.3004647020007068 0 0 0 0 0 0 0 0 5.2476907319531126e-10 -5.2476907319532036e-10 0 0 
0.30051921244176577 0 0 0 0 0 0 0 0 5.2490954450622874e-10 -5.2490954450624632e-10 0 0 
0.30057673584545436 0 0 0 0 0 0 0 0 5.2505778821364424e-10 -5.25057788213655e-10 0 0 
0.30063726226509496 0 0 0 0 0 0 0 0 5.2521377998604192e-10 -5.2521377998607646e-10 0 0 
0.30070078325932281 0 0 0 0 0 0 0 0 5.2537749943290558e-10 -5.2537749943290558e-10 0 0 
0.30076730048515166 0 0 0 0 0 0 0 0 5.2554895225474151e-10 -5.2554895225475268e-10 0 0 
0.30083681409142204 0 0 0 0 0 0 0 0 5.2572814033170107e-10 -5.257281403317142e-10 0 0 
0.30090931506552177 0 0 0 0 0 0 0 0 5.2591504199174008e-10 -5.2591504199175208e-10 0 0 
0.30098479527725086 0 0 0 0 0 0 0 0 5.2610963789695451e-10 -5.261096378969573e-10 0 0 
0.30106325434740078 0 0 0 0 0 0 0 0 5.2631192875344247e-10 -5.2631192875345301e-10 0 0 
0.30114469084704187 0 0 0 0 0 0 0 0 5.2652191262502581e-10 -5.2652191262503295e-10 0 0 
0.30122909609124293 0 0 0 0 0 0 0 0 5.2673956892695973e-10 -5.2673956892697007e-10 0 0 
0.3013164619346731 0 0 0 0 0 0 0 0 5.2696487852287714e-10 -5.2696487852289741e-10 0 0 
0.30140678641540108 0 0 0 0 0 0 0 0 5.2719783828134543e-10 -5.2719783828136011e-10 0 0 
0.30150006678721131 0 0 0 0 0 0 0 0 5.2743844310914886e-10 -5.2743844310915962e-10 0 0 
0.30159629435932384 0 0 0 0 0 0 0 0 5.2768667263791177e-10 -5.2768667263791756e-10 0 0 
0.30169546077511855 0 0 0 0 0 0 0 0 5.279425074152572e-10 -5.2794250741527136e-10 0 0 
0.30179756275556435 0 0 0 0 0 0 0 0 5.2820594114356509e-10 -5.2820594114357294e-10 0 0 
0.30190259640313605 0 0 0 0 0 0 0 0 5.2847696598699278e-10 -5.2847696598700084e-10 0 0 
0.30201055282261291 0 0 0 0 0 0 0 0 5.2875556126856627e-10 -5.2875556126858591e-10 0 0 
0.30212142332185188 0 0 0 0 0 0 0 0 5.2904170688613879e-10 -5.2904170688615348e-10 0 0 
0.3022352034731085 0 0 0 0 0 0 0 0 5.2933539379533057e-10 -5.293353937953376e-10 0 0 
0.3023518883399543 0 0 0 0 0 0 0 0 5.2963661169261527e-10 -5.2963661169261196e-10 0 0 
0.30247146869773511 0 0 0 0 0 0 0 0 5.2994533925557357e-10 -5.2994533925558123e-10 0 0 
0.3025939354371715 0 0 0 0 0 0 0 0 5.3026155550682141e-10 -5.3026155550682761e-10 0 0 
0.30271928309559171 0 0 0 0 0 0 0 0 5.3058524893269554e-10 -5.3058524893270133e-10 0 0 
0.30284750577789543 0 0 0 0 0 0 0 0 5.3091640695267675e-10 -5.3091640695268885e-10 0 0 
0.30297859384828757 0 0 0 0 0 0 0 0 5.312550073722457e-10 -5.3125500737225697e-10 0 0 
0.30311253772548813 0 0 0 0 0 0 0 0 5.3160102818089246e-10 -5.3160102818090342e-10 0 0 
0.30324933099307072 0 0 0 0 0 0 0 0 5.3195445558785338e-10 -5.3195445558786496e-10 0 0 
0.30338896685726768 0 0 0 0 0 0 0 0 5.3231527487295976e-10 -5.3231527487296018e-10 0 0 
0.30353143521647546 0 0 0 0 0 0 0 0 5.3268346281129695e-10 -5.3268346281130377e-10 0 0 
0.30367672598016987 0 0 0 0 0 0 0 0 5.3305899624559813e-10 -5.3305899624559833e-10 0 0 
0.30382483183890985 0 0 0 0 0 0 0 0 5.3344185924634477e-10 -5.3344185924634725e-10 0 0 
0.30397574514708342 0 0 0 0 0 0 0 0 5.3383203505597952e-10 -5.3383203505598573e-10 0 0 
0.3041294553003685 0 0 0 0 0 0 0 0 5.342294993056048e-10 -5.3422949930561679e-10 0 0 
0.30428595167385342 0 0 0 0 0 0 0 0 5.346342276075735e-10 -5.346342276075765e-10 0 0 
0.3044452261125361 0 0 0 0 0 0 0 0 5.3504620199675543e-10 -5.3504620199675398e-10 0 0 
0.30460727015695027 0 0 0 0 0 0 0 0 5.3546540375669389e-10 -5.354654037567063e-10 0 0 
0.3047720726753122 0 0 0 0 0 0 0 0 5.3589180729121748e-10 -5.3589180729123702e-10 0 0 
0.30493962249179912 0 0 0 0 0 0 0 0 5.3632538691998667e-10 -5.3632538691999049e-10 0 0 
0.30510991064440918 0 0 0 0 0 0 0 0 5.3676612272153949e-10 -5.3676612272154755e-10 0 0 
0.3052829278917657 0 0 0 0 0 0 0 0 5.372139940826122e-10 -5.3721399408262916e-10 0 0 
0.30545866255853232 0 0 0 0 0 0 0 0 5.3766897411791398e-10 -5.3766897411791109e-10 0 0 
0.30563710290779411 0 0 0 0 0 0 0 0 5.3813103580752478e-10 -5.3813103580754101e-10 0 0 
0.30581823920302886 0 0 0 0 0 0 0 0 5.3860015733661643e-10 -5.3860015733662336e-10 0 0 
0.30600206144869169 0 0 0 0 0 0 0 0 5.3907631624553112e-10 -5.3907631624555015e-10 0 0 
0.30618855741616091 0 0 0 0 0 0 0 0 5.3955948431369055e-10 -5.3955948431369706e-10 0 0 
0.30637771480205561 0 0 0 0 0 0 0 0 5.4004963314657666e-10 -5.4004963314657832e-10 0 0 
0.3065695231235866 0 0 0 0 0 0 0 0 5.4054673908721252e-10 -5.4054673908720817e-10 0 0 
0.3067639716558373 0 0 0 0 0 0 0 0 5.4105077787190238e-10 -5.4105077787191158e-10 0 0 
0.30696104761198062 0 0 0 0 0 0 0 0 5.4156171991040905e-10 -5.4156171991041649e-10 0 0 
0.30716073812053796 0 0 0 0 0 0 0 0 5.4207953540759175e-10 -5.4207953540761139e-10 0 0 
0.30736303197774273 0 0 0 0 0 0 0 0 5.4260419890758358e-10 -5.4260419890759174e-10 0 0 
0.30756791775203129 0 0 0 0 0 0 0 0 5.431356843791308e-10 -5.4313568437914207e-10 0 0 
0.30777538209719352 0 0 0 0 0 0 0 0 5.4367396083718713e-10 -5.4367396083718485e-10 0 0 
0.30798541157500653 0 0 0 0 0 0 0 0 5.4421899706726474e-10 -5.442189970672755e-10 0 0 
0.30819799428392974 0 0 0 0 0 0 0 0 5.4477076585205907e-10 -5.4477076585207086e-10 0 0 
0.3084131181070271 0 0 0 0 0 0 0 0 5.4532923942524321e-10 -5.4532923942525397e-10 0 0 
0.30863076914050946 0 0 0 0 0 0 0 0 5.4589438538917675e-10 -5.4589438538918947e-10 0 0 
0.30885093338319863 0 0 0 0 0 0 0 0 5.4646617109738492e-10 -5.4646617109740529e-10 0 0 
0.30907359825752045 0 0 0 0 0 0 0 0 5.4704456760461905e-10 -5.4704456760462215e-10 0 0 
0.30929875098144011 0 0 0 0 0 0 0 0 5.4762954543908674e-10 -5.4762954543911145e-10 0 0 
0.30952637709782327 0 0 0 0 0 0 0 0 5.4822107077901327e-10 -5.4822107077903085e-10 0 0 
0.30975646204835283 0 0 0 0 0 0 0 0 5.4881910953830722e-10 -5.4881910953831332e-10 0 0 
0.30998899260014878 0 0 0 0 0 0 0 0 5.4942363107456323e-10 -5.4942363107457585e-10 0 0 
0.3102239553256797 0 0 0 0 0 0 0 0 5.5003460423856055e-10 -5.5003460423856675e-10 0 0 
0.31046133522072034 0 0 0 0 0 0 0 0 5.5065199377783181e-10 -5.5065199377784359e-10 0 0 
0.31070111717734966 0 0 0 0 0 0 0 0 5.5127576416360298e-10 -5.5127576416361787e-10 0 0 
0.31094328732742715 0 0 0 0 0 0 0 0 5.5190588308550059e-10 -5.5190588308550493e-10 0 0 
0.31118783161709973 0 0 0 0 0 0 0 0 5.5254231774371126e-10 -5.5254231774370982e-10 0 0 
0.31143473450301623 0 0 0 0 0 0 0 0 5.5318503145324758e-10 -5.531850314532635e-10 0 0 
0.31168398033666844 0 0 0 0 0 0 0 0 5.5383398724353924e-10 -5.5383398724354709e-10 0 0 
0.31193555463426204 0 0 0 0 0 0 0 0 5.5448915116439191e-10 -5.5448915116440866e-10 0 0 
0.31218944273455362 0 0 0 0 0 0 0 0 5.5515048879201645e-10 -5.5515048879202049e-10 0 0 
0.31244562856450336 0 0 0 0 0 0 0 0 5.5581796201108665e-10 -5.5581796201109999e-10 0 0 
0.31270409594532783 0 0 0 0 0 0 0 0 5.5649153241368966e-10 -5.5649153241370951e-10 0 0 
0.31296482979693069 0 0 0 0 0 0 0 0 5.5717116443779839e-10 -5.5717116443781225e-10 0 0 
0.31322781486950368 0 0 0 0 0 0 0 0 5.5785682206224158e-10 -5.578568220622482e-10 0 0 
0.31349303457104072 0 0 0 0 0 0 0 0 5.5854846574727019e-10 -5.5854846574728705e-10 0 0 
0.31376047220394265 0 0 0 0 0 0 0 0 5.5924605565559979e-10 -5.5924605565560413e-10 0 0 
0.31403011211104542 0 0 0 0 0 0 0 0 5.5994955464137863e-10 -5.5994955464137936e-10 0 0 
0.31430193847279941 0 0 0 0 0 0 0 0 5.6065892511322911e-10 -5.6065892511324607e-10 0 0 
0.31457593419009189 0 0 0 0 0 0 0 0 5.6137412611639808e-10 -5.6137412611641421e-10 0 0 
0.31485208205899384 0 0 0 0 0 0 0 0 5.620951163953046e-10 -5.6209511639530222e-10 0 0 
0.31513036586449461 0 0 0 0 0 0 0 0 5.628218572489428e-10 -5.6282185724895221e-10 0 0 
0.31541076923620442 0 0 0 0 0 0 0 0 5.6355430954376724e-10 -5.6355430954378399e-10 0 0 
0.31569327458077889 0 0 0 0 0 0 0 0 5.6429243092258058e-10 -5.6429243092259361e-10 0 0 
0.31597786420137325 0 0 0 0 0 0 0 0 5.6503617872576227e-10 -5.6503617872577458e-10 0 0 
0.31626452134441668 0 0 0 0 0 0 0 0 5.6578551272674115e-10 -5.6578551272674363e-10 0 0 
0.31655322910771699 0 0 0 0 0 0 0 0 5.6654039227879953e-10 -5.6654039227881132e-10 0 0 
0.31684396941748982 0 0 0 0 0 0 0 0 5.6730077363814507e-10 -5.6730077363815841e-10 0 0 
0.31713672409823351 0 0 0 0 0 0 0 0 5.6806661275832296e-10 -5.6806661275832317e-10 0 0 
0.3174314758772282 0 0 0 0 0 0 0 0 5.6883786791781734e-10 -5.6883786791781341e-10 0 0 
0.31772820733969809 0 0 0 0 0 0 0 0 5.6961449698723641e-10 -5.6961449698724861e-10 0 0 
0.31802689994604366 0 0 0 0 0 0 0 0 5.7039645485498205e-10 -5.7039645485498515e-10 0 0 
0.31832753505713929 0 0 0 0 0 0 0 0 5.7118369610784455e-10 -5.7118369610784269e-10 0 0 
0.31863009490069605 0 0 0 0 0 0 0 0 5.7197617756145404e-10 -5.7197617756146831e-10 0 0 
0.31893456156878719 0 0 0 0 0 0 0 0 5.7277385563569842e-10 -5.7277385563571589e-10 0 0 
0.31924091607138455 0 0 0 0 0 0 0 0 5.7357668387288847e-10 -5.7357668387290212e-10 0 0 
0.31954913932148515 0 0 0 0 0 0 0 0 5.7438461551605153e-10 -5.7438461551606229e-10 0 0 
0.31985921306701176 0 0 0 0 0 0 0 0 5.7519760595157536e-10 -5.7519760595159708e-10 0 0 
0.3201711189265562 0 0 0 0 0 0 0 0 5.7601561018221355e-10 -5.7601561018221189e-10 0 0 
0.32048483747574891 0 0 0 0 0 0 0 0 5.7683858042883021e-10 -5.7683858042882979e-10 0 0 
0.32080034919611577 0 0 0 0 0 0 0 0 5.7766646861642516e-10 -5.7766646861643778e-10 0 0 
0.32111763537579568 0 0 0 0 0 0 0 0 5.7849922873750205e-10 -5.7849922873751311e-10 0 0 
0.32143667717982172 0 0 0 0 0 0 0 0 5.7933681441301047e-10 -5.7933681441301626e-10 0 0 
0.32175745476621653 0 0 0 0 0 0 0 0 5.8017917656991901e-10 -5.8017917656992108e-10 0 0 
0.32207994820205293 0 0 0 0 0 0 0 0 5.8102626584369529e-10 -5.8102626584369984e-10 0 0 
0.32240413833593007 0 0 0 0 0 0 0 0 5.8187803487002004e-10 -5.8187803487002748e-10 0 0 
0.32273000589950696 0 0 0 0 0 0 0 0 5.8273443592540471e-10 -5.8273443592540854e-10 0 0 
0.32305753065053078 0 0 0 0 0 0 0 0 5.8359541867312454e-10 -5.8359541867312888e-10 0 0 
0.32338669225920808 0 0 0 0 0 0 0 0 5.8446093249033422e-10 -5.844609324903458e-10 0 0 
0.32371747115509103 0 0 0 0 0 0 0 0 5.8533092869498268e-10 -5.8533092869499912e-10 0 0 
0.32404984765691663 0 0 0 0 0 0 0 0 5.8620535825836646e-10 -5.8620535825837701e-10 0 0 
0.32438380114004395 0 0 0 0 0 0 0 0 5.8708416961305811e-10 -5.870841696130639e-10 0 0 
0.32471931089592931 0 0 0 0 0 0 0 0 5.8796731091179622e-10 -5.8796731091180222e-10 0 0 
0.3250563569558238 0 0 0 0 0 0 0 0 5.8885473219580705e-10 -5.8885473219580953e-10 0 0 
0.32539491924626252 0 0 0 0 0 0 0 0 5.8974638317246487e-10 -5.8974638317247666e-10 0 0 
0.3257349767786189 0 0 0 0 0 0 0 0 5.9064221107931711e-10 -5.9064221107931515e-10 0 0 
0.32607650848420761 0 0 0 0 0 0 0 0 5.9154216288118868e-10 -5.9154216288120761e-10 0 0 
0.32641949401697845 0 0 0 0 0 0 0 0 5.9244618738567059e-10 -5.9244618738568145e-10 0 0 
0.32676391293224999 0 0 0 0 0 0 0 0 5.9335423307957672e-10 -5.9335423307959678e-10 0 0 
0.32710974389629088 0 0 0 0 0 0 0 0 5.942662460436854e-10 -5.9426624604369925e-10 0 0 
0.32745696549934095 0 0 0 0 0 0 0 0 5.9518217209410197e-10 -5.9518217209410032e-10 0 0 
0.32780555703929937 0 0 0 0 0 0 0 0 5.9610195884976657e-10 -5.9610195884977463e-10 0 0 
0.32815549772151353 0 0 0 0 0 0 0 0 5.9702555362249603e-10 -5.9702555362250792e-10 0 0 
0.32850676588647182 0 0 0 0 0 0 0 0 5.9795290137713152e-10 -5.9795290137714351e-10 0 0 
0.32885933980283194 0 0 0 0 0 0 0 0 5.9888394682264998e-10 -5.9888394682266704e-10 0 0 
0.3292131984339382 0 0 0 0 0 0 0 0 5.9981863643667936e-10 -5.998186364366834e-10 0 0 
0.32956832065666469 0 0 0 0 0 0 0 0 6.0075691640349835e-10 -6.0075691640349028e-10 0 0 
0.32992468450545465 0 0 0 0 0 0 0 0 6.0169873061536512e-10 -6.0169873061537619e-10 0 0 
0.3302822679472715 0 0 0 0 0 0 0 0 6.0264402271832624e-10 -6.0264402271834175e-10 0 0 
0.33064104963263763 0 0 0 0 0 0 0 0 6.0359273809789248e-10 -6.035927380978991e-10 0 0 
0.33100100813169403 0 0 0 0 0 0 0 0 6.0454482186048867e-10 -6.04544821860508e-10 0 0 
0.33136212119295427 0 0 0 0 0 0 0 0 6.0550021687170609e-10 -6.0550021687171022e-10 0 0 
0.33172436650193982 0 0 0 0 0 0 0 0 6.0645886576105176e-10 -6.0645886576106986e-10 0 0 
0.33208772241831169 0 0 0 0 0 0 0 0 6.0742071287333213e-10 -6.0742071287334546e-10 0 0 
0.33245216722744925 0 0 0 0 0 0 0 0 6.0838570228885216e-10 -6.0838570228886198e-10 0 0 
0.33281767841240123 0 0 0 0 0 0 0 0 6.0935377589461955e-10 -6.0935377589464477e-10 0 0 
0.33318423339783604 0 0 0 0 0 0 0 0 6.1032487535266496e-10 -6.1032487535266486e-10 0 0 
0.33355181027472963 0 0 0 0 0 0 0 0 6.1129894402029246e-10 -6.1129894402030455e-10 0 0 
0.3339203870658895 0 0 0 0 0 0 0 0 6.1227592500552073e-10 -6.1227592500552828e-10 0 0 
0.33428994100968523 0 0 0 0 0 0 0 0 6.1325575926729059e-10 -6.1325575926731169e-10 0 0 
0.33466044929082917 0 0 0 0 0 0 0 0 6.1423838755118185e-10 -6.1423838755119839e-10 0 0 
0.33503188975399084 0 0 0 0 0 0 0 0 6.1522375228250236e-10 -6.1522375228251528e-10 0 0 
0.33540424018180082 0 0 0 0 0 0 0 0 6.1621179565262122e-10 -6.1621179565263777e-10 0 0 
0.33577747758902715 0 0 0 0 0 0 0 0 6.1720245774517255e-10 -6.1720245774518702e-10 0 0 
0.33615157894160369 0 0 0 0 0 0 0 0 6.1819567844256427e-10 -6.1819567844257998e-10 0 0 
0.3365265218604615 0 0 0 0 0 0 0 0 6.1919139929536458e-10 -6.1919139929538588e-10 0 0 
0.33690228391063765 0 0 0 0 0 0 0 0 6.2018956163605407e-10 -6.2018956163608023e-10 0 0 
0.3372788419046418 0 0 0 0 0 0 0 0 6.211901047277045e-10 -6.2119010472771557e-10 0 0 
0.33765617261106029 0 0 0 0 0 0 0 0 6.2219296764500325e-10 -6.2219296764500552e-10 0 0 
0.33803425344982685 0 0 0 0 0 0 0 0 6.2319809112288905e-10 -6.2319809112289732e-10 0 0 
0.33841306179114261 0 0 0 0 0 0 0 0 6.2420541569449588e-10 -6.2420541569451036e-10 0 0 
0.3387925742668389 0 0 0 0 0 0 0 0 6.2521487985917558e-10 -6.2521487985918292e-10 0 0 
0.33917276746981306 0 0 0 0 0 0 0 0 6.2622642194124524e-10 -6.2622642194125972e-10 0 0 
0.33955361864189998 0 0 0 0 0 0 0 0 6.2723998192101252e-10 -6.2723998192102638e-10 0 0 
0.33993510498137897 0 0 0 0 0 0 0 0 6.2825549959355806e-10 -6.282554995935777e-10 0 0 
0.34031720296119455 0 0 0 0 0 0 0 0 6.2927291275325534e-10 -6.2927291275326237e-10 0 0 
0.34069988902041393 0 0 0 0 0 0 0 0 6.3029215903330443e-10 -6.302921590333129e-10 0 0 
0.34108314024581227 0 0 0 0 0 0 0 0 6.3131317772200535e-10 -6.313131777220129e-10 0 0 
0.3414669336868012 0 0 0 0 0 0 0 0 6.3233590793942329e-10 -6.3233590793944169e-10 0 0 
0.34185124567941388 0 0 0 0 0 0 0 0 6.3336028683547583e-10 -6.3336028683549682e-10 0 0 
0.34223605253092126 0 0 0 0 0 0 0 0 6.3438625141327547e-10 -6.3438625141328043e-10 0 0 
0.3426213311962012 0 0 0 0 0 0 0 0 6.3541374033335326e-10 -6.3541374033335678e-10 0 0 
0.34300705859897329 0 0 0 0 0 0 0 0 6.3644269210541135e-10 -6.3644269210541776e-10 0 0 
0.34339321096049341 0 0 0 0 0 0 0 0 6.3747304329710839e-10 -6.3747304329711821e-10 0 0 
0.34377976447841885 0 0 0 0 0 0 0 0 6.3850473034404964e-10 -6.3850473034406805e-10 0 0 
0.34416669599899785 0 0 0 0 0 0 0 0 6.3953769134487604e-10 -6.3953769134488111e-10 0 0 
0.3445539823435374 0 0 0 0 0 0 0 0 6.4057186426499101e-10 -6.4057186426500497e-10 0 0 
0.34494159964078214 0 0 0 0 0 0 0 0 6.4160718515355677e-10 -6.4160718515357931e-10 0 0 
0.34532952400108186 0 0 0 0 0 0 0 0 6.4264358994287639e-10 -6.4264358994288983e-10 0 0 
0.34571773218540963 0 0 0 0 0 0 0 0 6.4368101623679432e-10 -6.4368101623680052e-10 0 0 
0.34610620093602407 0 0 0 0 0 0 0 0 6.4471940152398168e-10 -6.4471940152399636e-10 0 0 
0.34649490631153163 0 0 0 0 0 0 0 0 6.4575868140028791e-10 -6.457586814003089e-10 0 0 
0.34688382435737786 0 0 0 0 0 0 0 0 6.4679879136020636e-10 -6.4679879136021576e-10 0 0 
0.3472729317726837 0 0 0 0 0 0 0 0 6.4783966858130179e-10 -6.4783966858132185e-10 0 0 
0.34766220524408964 0 0 0 0 0 0 0 0 6.4888125014431667e-10 -6.4888125014433797e-10 0 0 
0.34805162078251767 0 0 0 0 0 0 0 0 6.4992347125822641e-10 -6.499234712582384e-10 0 0 
0.34844115439098466 0 0 0 0 0 0 0 0 6.509662670464716e-10 -6.5096626704648421e-10 0 0 
0.3488307827302316 0 0 0 0 0 0 0 0 6.5200957433006929e-10 -6.5200957433007839e-10 0 0 
0.34922048245475812 0 0 0 0 0 0 0 0 6.5305332985169342e-10 -6.5305332985169983e-10 0 0 
0.34961022955031085 0 0 0 0 0 0 0 0 6.5409746850106864e-10 -6.5409746850107888e-10 0 0 
0.34999999999999998 0 0 0 0 0 0 0 0 6.5514192509854623e-10 -6.5514192509855099e-10 0 0 
0.35038977044968911 0 0 0 0 0 0 0 0 6.5618663617923218e-10 -6.561866361792448e-10 0 0 
0.35077951754524184 0 0 0 0 0 0 0 0 6.5723153821874725e-10 -6.5723153821874539e-10 0 0 
0.35116921726976835 0 0 0 0 0 0 0 0 6.5827656585617911e-10 -6.5827656585619669e-10 0 0 
0.35155884560901529 0 0 0 0 0 0 0 0 6.5932165367763059e-10 -6.5932165367763845e-10 0 0 
0.35194837921748229 0 0 0 0 0 0 0 0 6.6036673800398301e-10 -6.6036673800399273e-10 0 0 
0.35233779475591032 0 0 0 0 0 0 0 0 6.6141175511562533e-10 -6.6141175511562502e-10 0 0 
0.35272706822731625 0 0 0 0 0 0 0 0 6.6245663947055532e-10 -6.6245663947056959e-10 0 0 
0.3531161756426221 0 0 0 0 0 0 0 0 6.635013254902489e-10 -6.6350132549027165e-10 0 0 
0.35350509368846833 0 0 0 0 0 0 0 0 6.6454574935386527e-10 -6.6454574935387582e-10 0 0 
0.35389379906397589 0 0 0 0 0 0 0 0 6.6558984721916077e-10 -6.655898472191889e-10 0 0 
0.35428226781459032 0 0 0 0 0 0 0 0 6.6663355343332097e-10 -6.6663355343332697e-10 0 0 
0.3546704759989181 0 0 0 0 0 0 0 0 6.6767680232353124e-10 -6.6767680232353817e-10 0 0 
0.35505840035921782 0 0 0 0 0 0 0 0 6.6871953000029294e-10 -6.6871953000030204e-10 0 0 
0.35544601765646255 0 0 0 0 0 0 0 0 6.6976167257212284e-10 -6.6976167257213462e-10 0 0 
0.3558333040010021 0 0 0 0 0 0 0 0 6.7080316434604873e-10 -6.7080316434606093e-10 0 0 
0.35622023552158111 0 0 0 0 0 0 0 0 6.7184393962599174e-10 -6.7184393962598822e-10 0 0 
0.35660678903950654 0 0 0 0 0 0 0 0 6.7288393452741673e-10 -6.7288393452741849e-10 0 0 
0.35699294140102666 0 0 0 0 0 0 0 0 6.7392308518336596e-10 -6.7392308518337816e-10 0 0 
0.35737866880379876 0 0 0 0 0 0 0 0 6.7496132593199755e-10 -6.7496132593200965e-10 0 0 
0.35776394746907869 0 0 0 0 0 0 0 0 6.7599859112518346e-10 -6.7599859112518553e-10 0 0 
0.35814875432058607 0 0 0 0 0 0 0 0 6.7703481695746991e-10 -6.7703481695748738e-10 0 0 
0.35853306631319876 0 0 0 0 0 0 0 0 6.7806993966061034e-10 -6.7806993966062998e-10 0 0 
0.35891685975418769 0 0 0 0 0 0 0 0 6.7910389367538393e-10 -6.7910389367540254e-10 0 0 
0.35930011097958603 0 0 0 0 0 0 0 0 6.8013661347312096e-10 -6.8013661347312861e-10 0 0 
0.3596827970388054 0 0 0 0 0 0 0 0 6.8116803540183883e-10 -6.8116803540184731e-10 0 0 
0.36006489501862099 0 0 0 0 0 0 0 0 6.8219809586639195e-10 -6.8219809586641335e-10 0 0 
0.36044638135809998 0 0 0 0 0 0 0 0 6.8322672948185783e-10 -6.8322672948186889e-10 0 0 
0.36082723253018689 0 0 0 0 0 0 0 0 6.8425387091062273e-10 -6.8425387091063245e-10 0 0 
0.36120742573316106 0 0 0 0 0 0 0 0 6.8527945672866736e-10 -6.8527945672867946e-10 0 0 
0.36158693820885734 0 0 0 0 0 0 0 0 6.8630342358856296e-10 -6.8630342358858033e-10 0 0 
0.36196574655017311 0 0 0 0 0 0 0 0 6.8732570635125468e-10 -6.8732570635126957e-10 0 0 
0.36234382738893967 0 0 0 0 0 0 0 0 6.8834623994177497e-10 -6.8834623994178924e-10 0 0 
0.36272115809535815 0 0 0 0 0 0 0 0 6.893649612385776e-10 -6.8936496123860407e-10 0 0 
0.36309771608936231 0 0 0 0 0 0 0 0 6.9038180721656065e-10 -6.9038180721656127e-10 0 0 
0.36347347813953845 0 0 0 0 0 0 0 0 6.9139671305396544e-10 -6.9139671305397226e-10 0 0 
0.36384842105839627 0 0 0 0 0 0 0 0 6.9240961400981366e-10 -6.9240961400982152e-10 0 0 
0.3642225224109728 0 0 0 0 0 0 0 0 6.934204473395022e-10 -6.9342044733952308e-10 0 0 
0.36459575981819914 0 0 0 0 0 0 0 0 6.9442915041465363e-10 -6.9442915041466418e-10 0 0 
0.36496811024600911 0 0 0 0 0 0 0 0 6.9543565880205846e-10 -6.9543565880205236e-10 0 0 
0.36533955070917079 0 0 0 0 0 0 0 0 6.9643990816564669e-10 -6.9643990816566572e-10 0 0 
0.36571005899031472 0 0 0 0 0 0 0 0 6.9744183621203676e-10 -6.9744183621204493e-10 0 0 
0.36607961293411045 0 0 0 0 0 0 0 0 6.9844138078375328e-10 -6.9844138078376797e-10 0 0 
0.36644818972527032 0 0 0 0 0 0 0 0 6.9943847790684393e-10 -6.9943847790685303e-10 0 0 
0.36681576660216392 0 0 0 0 0 0 0 0 7.0043306372075188e-10 -7.004330637207526e-10 0 0 
0.36718232158759873 0 0 0 0 0 0 0 0 7.0142507645705839e-10 -7.0142507645705529e-10 0 0 
0.36754783277255071 0 0 0 0 0 0 0 0 7.0241445450317501e-10 -7.0241445450318897e-10 0 0 
0.36791227758168826 0 0 0 0 0 0 0 0 7.0340113441450425e-10 -7.0340113441451232e-10 0 0 
0.36827563349806014 0 0 0 0 0 0 0 0 7.0438505287581206e-10 -7.043850528758195e-10 0 0 
0.36863787880704568 0 0 0 0 0 0 0 0 7.0536614871720337e-10 -7.0536614871720244e-10 0 0 
0.36899899186830593 0 0 0 0 0 0 0 0 7.0634436094435038e-10 -7.0634436094434614e-10 0 0 
0.36935895036736233 0 0 0 0 0 0 0 0 7.0731962671136046e-10 -7.0731962671137618e-10 0 0 
0.36971773205272845 0 0 0 0 0 0 0 0 7.0829188331749753e-10 -7.0829188331750767e-10 0 0 
0.37007531549454531 0 0 0 0 0 0 0 0 7.0926107026423716e-10 -7.0926107026424502e-10 0 0 
0.37043167934333526 0 0 0 0 0 0 0 0 7.1022712724838677e-10 -7.1022712724839979e-10 0 0 
0.37078680156606175 0 0 0 0 0 0 0 0 7.1118999209136825e-10 -7.1118999209137962e-10 0 0 
0.37114066019716802 0 0 0 0 0 0 0 0 7.1214960277501636e-10 -7.121496027750329e-10 0 0 
0.37149323411352814 0 0 0 0 0 0 0 0 7.1310589954450841e-10 -7.1310589954452516e-10 0 0 
0.37184450227848642 0 0 0 0 0 0 0 0 7.1405882285999768e-10 -7.1405882286000657e-10 0 0 
0.37219444296070059 0 0 0 0 0 0 0 0 7.1500831127771871e-10 -7.1500831127772595e-10 0 0 
0.37254303450065901 0 0 0 0 0 0 0 0 7.1595430352926009e-10 -7.1595430352927612e-10 0 0 
0.37289025610370907 0 0 0 0 0 0 0 0 7.1689674067500857e-10 -7.1689674067501498e-10 0 0 
0.37323608706774997 0 0 0 0 0 0 0 0 7.1783556400991823e-10 -7.1783556400992567e-10 0 0 
0.3735805059830215 0 0 0 0 0 0 0 0 7.1877071289147337e-10 -7.187707128914895e-10 0 0 
0.37392349151579235 0 0 0 0 0 0 0 0 7.1970212686698424e-10 -7.1970212686699634e-10 0 0 
0.37426502322138105 0 0 0 0 0 0 0 0 7.2062974788272032e-10 -7.206297478827286e-10 0 0 
0.37460508075373744 0 0 0 0 0 0 0 0 7.2155351813912902e-10 -7.2155351813913719e-10 0 0 
0.37494364304417616 0 0 0 0 0 0 0 0 7.2247337786009001e-10 -7.2247337786008887e-10 0 0 
0.37528068910407064 0 0 0 0 0 0 0 0 7.233892674732126e-10 -7.233892674732186e-10 0 0 
0.37561619885995601 0 0 0 0 0 0 0 0 7.2430112988052941e-10 -7.2430112988053293e-10 0 0 
0.37595015234308332 0 0 0 0 0 0 0 0 7.2520890825772408e-10 -7.252089082577338e-10 0 0 
0.37628252884490893 0 0 0 0 0 0 0 0 7.2611254375882775e-10 -7.2611254375884253e-10 0 0 
0.37661330774079188 0 0 0 0 0 0 0 0 7.2701197775497297e-10 -7.270119777550013e-10 0 0 
0.37694246934946918 0 0 0 0 0 0 0 0 7.2790715417278668e-10 -7.2790715417279629e-10 0 0 
0.377269994100493 0 0 0 0 0 0 0 0 7.2879801723205171e-10 -7.2879801723205088e-10 0 0 
0.37759586166406989 0 0 0 0 0 0 0 0 7.2968450907911961e-10 -7.2968450907913802e-10 0 0 
0.37792005179794702 0 0 0 0 0 0 0 0 7.305665720903062e-10 -7.3056657209030662e-10 0 0 
0.37824254523378342 0 0 0 0 0 0 0 0 7.314441512845817e-10 -7.314441512846092e-10 0 0 
0.37856332282017824 0 0 0 0 0 0 0 0 7.3231719199376491e-10 -7.3231719199378042e-10 0 0 
0.37888236462420427 0 0 0 0 0 0 0 0 7.3318563741714637e-10 -7.3318563741715743e-10 0 0 
0.37919965080388418 0 0 0 0 0 0 0 0 7.3404943099595514e-10 -7.3404943099596631e-10 0 0 
0.37951516252425105 0 0 0 0 0 0 0 0 7.3490851890848506e-10 -7.3490851890849664e-10 0 0 
0.37982888107344376 0 0 0 0 0 0 0 0 7.3576284766525607e-10 -7.3576284766526745e-10 0 0 
0.3801407869329882 0 0 0 0 0 0 0 0 7.3661236157733e-10 -7.366123615773362e-10 0 0 
0.3804508606785148 0 0 0 0 0 0 0 0 7.3745700520890803e-10 -7.3745700520892137e-10 0 0 
0.3807590839286154 0 0 0 0 0 0 0 0 7.3829672596325225e-10 -7.3829672596326166e-10 0 0 
0.38106543843121277 0 0 0 0 0 0 0 0 7.3913147159543044e-10 -7.3913147159545081e-10 0 0 
0.38136990509930391 0 0 0 0 0 0 0 0 7.3996118758512863e-10 -7.3996118758514466e-10 0 0 
0.38167246494286067 0 0 0 0 0 0 0 0 7.4078581967552194e-10 -7.4078581967552607e-10 0 0 
0.38197310005395629 0 0 0 0 0 0 0 0 7.4160531655941392e-10 -7.4160531655943139e-10 0 0 
0.38227179266030187 0 0 0 0 0 0 0 0 7.4241962730123227e-10 -7.4241962730126784e-10 0 0 
0.38256852412277176 0 0 0 0 0 0 0 0 7.4322869860407453e-10 -7.432286986040859e-10 0 0 
0.38286327590176644 0 0 0 0 0 0 0 0 7.4403247744386761e-10 -7.440324774438733e-10 0 0 
0.38315603058251013 0 0 0 0 0 0 0 0 7.4483091386657401e-10 -7.4483091386658683e-10 0 0 
0.38344677089228296 0 0 0 0 0 0 0 0 7.4562395830967277e-10 -7.4562395830968528e-10 0 0 
0.38373547865558327 0 0 0 0 0 0 0 0 7.46411558752211e-10 -7.4641155875221979e-10 0 0 
0.38402213579862671 0 0 0 0 0 0 0 0 7.4719366345443295e-10 -7.4719366345445012e-10 0 0 
0.38430672541922106 0 0 0 0 0 0 0 0 7.4797022387791205e-10 -7.4797022387793355e-10 0 0 
0.38458923076379553 0 0 0 0 0 0 0 0 7.4874119189594736e-10 -7.4874119189595346e-10 0 0 
0.38486963413550535 0 0 0 0 0 0 0 0 7.4950651681374561e-10 -7.4950651681376732e-10 0 0 
0.38514791794100611 0 0 0 0 0 0 0 0 7.5026614822485484e-10 -7.5026614822487056e-10 0 0 
0.38542406580990807 0 0 0 0 0 0 0 0 7.5102003906787077e-10 -7.5102003906788142e-10 0 0 
0.38569806152720054 0 0 0 0 0 0 0 0 7.5176814271378992e-10 -7.517681427138167e-10 0 0 
0.38596988788895453 0 0 0 0 0 0 0 0 7.5251040984173004e-10 -7.5251040984173583e-10 0 0 
0.3862395277960573 0 0 0 0 0 0 0 0 7.5324679142464658e-10 -7.5324679142465713e-10 0 0 
0.38650696542895924 0 0 0 0 0 0 0 0 7.5397724193877469e-10 -7.5397724193878586e-10 0 0 
0.38677218513049627 0 0 0 0 0 0 0 0 7.547017163139191e-10 -7.5470171631394288e-10 0 0 
0.38703517020306927 0 0 0 0 0 0 0 0 7.5542016664789544e-10 -7.5542016664790816e-10 0 0 
0.38729590405467212 0 0 0 0 0 0 0 0 7.5613254533648634e-10 -7.5613254533649575e-10 0 0 
0.38755437143549659 0 0 0 0 0 0 0 0 7.5683880845317403e-10 -7.5683880845319554e-10 0 0 
0.38781055726544633 0 0 0 0 0 0 0 0 7.5753891254710433e-10 -7.5753891254713411e-10 0 0 
0.38806444536573792 0 0 0 0 0 0 0 0 7.5823281117666844e-10 -7.5823281117668353e-10 0 0 
0.38831601966333151 0 0 0 0 0 0 0 0 7.5892045820050041e-10 -7.5892045820051333e-10 0 0 
0.38856526549698372 0 0 0 0 0 0 0 0 7.5960181134846491e-10 -7.5960181134846802e-10 0 0 
0.38881216838290023 0 0 0 0 0 0 0 0 7.6027682884901409e-10 -7.6027682884902256e-10 0 0 
0.3890567126725728 0 0 0 0 0 0 0 0 7.6094546575977005e-10 -7.609454657597837e-10 0 0 
0.38929888282265029 0 0 0 0 0 0 0 0 7.6160767743874672e-10 -7.6160767743875179e-10 0 0 
0.38953866477927962 0 0 0 0 0 0 0 0 7.6226342333072457e-10 -7.6226342333073057e-10 0 0 
0.38977604467432025 0 0 0 0 0 0 0 0 7.629126634034957e-10 -7.6291266340350677e-10 0 0 
0.39001100739985117 0 0 0 0 0 0 0 0 7.6355535424893705e-10 -7.6355535424894015e-10 0 0 
0.39024353795164712 0 0 0 0 0 0 0 0 7.6419145275687601e-10 -7.6419145275687828e-10 0 0 
0.39047362290217669 0 0 0 0 0 0 0 0 7.6482092014553965e-10 -7.6482092014555723e-10 0 0 
0.39070124901855985 0 0 0 0 0 0 0 0 7.654437181822454e-10 -7.6544371818226711e-10 0 0 
0.3909264017424795 0 0 0 0 0 0 0 0 7.6605980502412741e-10 -7.6605980502414271e-10 0 0 
0.39114906661680132 0 0 0 0 0 0 0 0 7.6666913912091535e-10 -7.6666913912093572e-10 0 0 
0.39136923085949049 0 0 0 0 0 0 0 0 7.6727168352298024e-10 -7.672716835229882e-10 0 0 
0.39158688189297286 0 0 0 0 0 0 0 0 7.6786740185806743e-10 -7.6786740185808232e-10 0 0 
0.39180200571607021 0 0 0 0 0 0 0 0 7.6845625387515515e-10 -7.6845625387516859e-10 0 0 
0.39201458842499343 0 0 0 0 0 0 0 0 7.690381996067783e-10 -7.6903819960678316e-10 0 0 
0.39222461790280644 0 0 0 0 0 0 0 0 7.696132039948125e-10 -7.6961320399482894e-10 0 0 
0.39243208224796866 0 0 0 0 0 0 0 0 7.7018123258997407e-10 -7.7018123258999051e-10 0 0 
0.39263696802225723 0 0 0 0 0 0 0 0 7.7074224675441383e-10 -7.7074224675443203e-10 0 0 
0.392839261879462 0 0 0 0 0 0 0 0 7.7129620812041082e-10 -7.7129620812041247e-10 0 0 
0.39303895238801934 0 0 0 0 0 0 0 0 7.7184308358224602e-10 -7.7184308358225119e-10 0 0 
0.39323602834416266 0 0 0 0 0 0 0 0 7.7238284067834529e-10 -7.723828406783517e-10 0 0 
0.39343047687641336 0 0 0 0 0 0 0 0 7.7291544239945575e-10 -7.7291544239947064e-10 0 0 
0.39362228519794434 0 0 0 0 0 0 0 0 7.734408519874398e-10 -7.7344085198744817e-10 0 0 
0.39381144258383904 0 0 0 0 0 0 0 0 7.7395903835223156e-10 -7.7395903835223673e-10 0 0 
0.39399793855130827 0 0 0 0 0 0 0 0 7.7446997108836453e-10 -7.7446997108835853e-10 0 0 
0.39418176079697109 0 0 0 0 0 0 0 0 7.7497361482349427e-10 -7.7497361482349645e-10 0 0 
0.39436289709220584 0 0 0 0 0 0 0 0 7.7546993441032696e-10 -7.7546993441033399e-10 0 0 
0.39454133744146763 0 0 0 0 0 0 0 0 7.759589008412513e-10 -7.7595890084126226e-10 0 0 
0.39471707210823426 0 0 0 0 0 0 0 0 7.7644048584064365e-10 -7.7644048584066371e-10 0 0 
0.39489008935559078 0 0 0 0 0 0 0 0 7.7691465567286626e-10 -7.7691465567287308e-10 0 0 
0.39506037750820083 0 0 0 0 0 0 0 0 7.7738137679204304e-10 -7.7738137679204666e-10 0 0 
0.39522792732468776 0 0 0 0 0 0 0 0 7.778406223451033e-10 -7.778406223451215e-10 0 0 
0.39539272984304968 0 0 0 0 0 0 0 0 7.7829236626783616e-10 -7.7829236626784433e-10 0 0 
0.39555477388746385 0 0 0 0 0 0 0 0 7.7873657645030806e-10 -7.7873657645031912e-10 0 0 
0.39571404832614654 0 0 0 0 0 0 0 0 7.7917322092516593e-10 -7.7917322092518102e-10 0 0 
0.39587054469963145 0 0 0 0 0 0 0 0 7.7960227507373217e-10 -7.7960227507374685e-10 0 0 
0.39602425485291654 0 0 0 0 0 0 0 0 7.8002371513592425e-10 -7.8002371513591991e-10 0 0 
0.39617516816109011 0 0 0 0 0 0 0 0 7.8043751060306008e-10 -7.8043751060307755e-10 0 0 
0.39632327401983009 0 0 0 0 0 0 0 0 7.8084363104555133e-10 -7.8084363104556126e-10 0 0 
0.39646856478352449 0 0 0 0 0 0 0 0 7.8124205417010669e-10 -7.8124205417012488e-10 0 0 
0.39661103314273227 0 0 0 0 0 0 0 0 7.8163275862990457e-10 -7.8163275862992215e-10 0 0 
0.39675066900692924 0 0 0 0 0 0 0 0 7.8201571547536973e-10 -7.8201571547538545e-10 0 0 
0.39688746227451183 0 0 0 0 0 0 0 0 7.8239089574969672e-10 -7.8239089574971254e-10 0 0 
0.39702140615171239 0 0 0 0 0 0 0 0 7.8275827959235742e-10 -7.827582795923723e-10 0 0 
0.39715249422210452 0 0 0 0 0 0 0 0 7.8311784820298839e-10 -7.8311784820300287e-10 0 0 
0.39728071690440825 0 0 0 0 0 0 0 0 7.8346957412488226e-10 -7.834695741248867e-10 0 0 
0.39740606456282845 0 0 0 0 0 0 0 0 7.8381342977544443e-10 -7.8381342977546284e-10 0 0 
0.39752853130226484 0 0 0 0 0 0 0 0 7.8414939785814685e-10 -7.8414939785816794e-10 0 0 
0.39764811166004566 0 0 0 0 0 0 0 0 7.8447746228851327e-10 -7.8447746228851306e-10 0 0 
0.39776479652689145 0 0 0 0 0 0 0 0 7.8479759700287843e-10 -7.8479759700289404e-10 0 0 
0.39787857667814808 0 0 0 0 0 0 0 0 7.8510977564531495e-10 -7.8510977564532767e-10 0 0 
0.39798944717738705 0 0 0 0 0 0 0 0 7.854139836503671e-10 -7.8541398365038323e-10 0 0 
0.39809740359686391 0 0 0 0 0 0 0 0 7.857102078746116e-10 -7.8571020787463001e-10 0 0 
0.3982024372444356 0 0 0 0 0 0 0 0 7.859984234991487e-10 -7.8599842349917165e-10 0 0 
0.3983045392248814 0 0 0 0 0 0 0 0 7.8627860517237574e-10 -7.8627860517238774e-10 0 0 
0.39840370564067612 0 0 0 0 0 0 0 0 7.8655074128238278e-10 -7.8655074128240429e-10 0 0 
0.39849993321278865 0 0 0 0 0 0 0 0 7.8681482194134333e-10 -7.8681482194134685e-10 0 0 
0.39859321358459887 0 0 0 0 0 0 0 0 7.870708233528548e-10 -7.8707082335286369e-10 0 0 
0.39868353806532686 0 0 0 0 0 0 0 0 7.8731872082838831e-10 -7.8731872082839741e-10 0 0 
0.39877090390875702 0 0 0 0 0 0 0 0 7.8755850602008903e-10 -7.8755850602010165e-10 0 0 
0.39885530915295808 0 0 0 0 0 0 0 0 7.87790172759813e-10 -7.8779017275981466e-10 0 0 
0.39893674565259918 0 0 0 0 0 0 0 0 7.8801369793428888e-10 -7.8801369793430418e-10 0 0 
0.3990152047227491 0 0 0 0 0 0 0 0 7.8822905697438304e-10 -7.8822905697438738e-10 0 0 
0.39909068493447819 0 0 0 0 0 0 0 0 7.8843624525359573e-10 -7.8843624525360152e-10 0 0 
0.39916318590857791 0 0 0 0 0 0 0 0 7.8863526105438795e-10 -7.8863526105440222e-10 0 0 
0.3992326995148483 0 0 0 0 0 0 0 0 7.8882608140947499e-10 -7.8882608140947975e-10 0 0 
0.39929921674067714 0 0 0 0 0 0 0 0 7.8900868095459585e-10 -7.890086809546034e-10 0 0 
0.39936273773490499 0 0 0 0 0 0 0 0 7.8918305950128737e-10 -7.8918305950130743e-10 0 0 
0.3994232641545456 0 0 0 0 0 0 0 0 7.893492210291986e-10 -7.8934922102919819e-10 0 0 
0.39948078755823418 0 0 0 0 0 0 0 0 7.8950714182215923e-10 -7.8950714182217795e-10 0 0 
0.39953529799929316 0 0 0 0 0 0 0 0 7.8965679405701496e-10 -7.8965679405702427e-10 0 0 
0.39958679764427341 0 0 0 0 0 0 0 0 7.8979818319241968e-10 -7.8979818319242071e-10 0 0 
0.39963529104556944 0 0 0 0 0 0 0 0 7.8993132126540339e-10 -7.8993132126540443e-10 0 0 
0.39968076886794096 0 0 0 0 0 0 0 0 7.9005618221195561e-10 -7.9005618221197381e-10 0 0 
0.39972321899343655 0 0 0 0 0 0 0 0 7.9017273235361932e-10 -7.9017273235362863e-10 0 0 
0.39976264641987103 0 0 0 0 0 0 0 0 7.9028098503105322e-10 -7.9028098503106459e-10 0 0 
0.39979906048114577 0 0 0 0 0 0 0 0 7.9038096551866848e-10 -7.9038096551867561e-10 0 0 
0.39983244980743293 0 0 0 0 0 0 0 0 7.904726422730692e-10 -7.9047264227308636e-10 0 0 
0.39986279709770883 0 0 0 0 0 0 0 0 7.9055596749115835e-10 -7.905559674911718e-10 0 0 
0.39989011185547924 0 0 0 0 0 0 0 0 7.9063096699412075e-10 -7.9063096699413026e-10 0 0 
0.39991441340955985 0 0 0 0 0 0 0 0 7.9069769360981104e-10 -7.9069769360982324e-10 0 0 
0.39993568592556789 0 0 0 0 0 0 0 0 7.9075610364361217e-10 -7.9075610364362044e-10 0 0 
0.39995389704778628 0 0 0 0 0 0 0 0 7.9080610806196558e-10 -7.9080610806197902e-10 0 0 
0.39996906436632579 0 0 0 0 0 0 0 0 7.9084775499989995e-10 -7.9084775499991071e-10 0 0 
0.39998123915905026 0 0 0 0 0 0 0 0 7.9088118512261905e-10 -7.908811851226267e-10 0 0 
0.3999903989246073 0 0 0 0 0 0 0 0 7.9090633653697108e-10 -7.9090633653698225e-10 0 0 
0.39999643917181321 0 0 0 0 0 0 0 0 7.9092292224243864e-10 -7.9092292224245456e-10 0 0 
0.39999940921925187 0 0 0 0 0 0 0 0 7.9093107760595467e-10 -7.9093107760594195e-10 0 0 
0.40014470978720729 0 0 0 0 0 0 0 0 7.9133006462839715e-10 -7.9133006462840439e-10 0 0 
0.40087200732087713 0 0 0 0 0 0 0 0 7.9332749257280713e-10 -7.9332749257281147e-10 0 0 
0.4023504857678486 0 0 0 0 0 0 0 0 7.9738952146254177e-10 -7.9738952146255252e-10 0 0 
0.40459099165059786 0 0 0 0 0 0 0 0 8.0354913547851649e-10 -8.0354913547854762e-10 0 0 
0.40756595103244253 0 0 0 0 0 0 0 0 8.1173507779676653e-10 -8.1173507779677987e-10 0 0 
0.41126720661127747 0 0 0 0 0 0 0 0 8.2193046941735021e-10 -8.2193046941736634e-10 0 0 
0.41570415041144115 0 0 0 0 0 0 0 0 8.3416758556047217e-10 -8.3416758556047393e-10 0 0 
0.42087730558454084 0 0 0 0 0 0 0 0 8.4845482131207954e-10 -8.4845482131208699e-10 0 0 
0.42677418997626637 0 0 0 0 0 0 0 0 8.6476469280188751e-10 -8.6476469280190457e-10 0 0 
0.4333857211088733 0 0 0 0 0 0 0 0 8.8307860185518143e-10 -8.8307860185519146e-10 0 0 
0.440710961269694 0 0 0 0 0 0 0 0 9.0339961413237237e-10 -9.033996141323763e-10 0 0 
0.44874596479763007 0 0 0 0 0 0 0 0 9.2572114907341765e-10 -9.2572114907342354e-10 0 0 
0.45747943583370998 0 0 0 0 0 0 0 0 9.5001436016496804e-10 -9.5001436016497259e-10 0 0 
0.46690091015217572 0 0 0 0 0 0 0 0 9.7625035696587976e-10 -9.7625035696590727e-10 0 0 
0.47700458595107653 0 0 0 0 0 0 0 0 1.0044104921233608e-09 -1.004410492123362e-09 0 0 
0.48778302557637798 0 0 0 0 0 0 0 0 1.0344684565643146e-09 -1.0344684565643291e-09 0 0 
0.49922381399572691 0 0 0 0 0 0 0 0 1.0663805940288596e-09 -1.0663805940288629e-09 0 0 
0.51131463105416608 0 0 0 0 0 0 0 0 1.1000997664909807e-09 -1.1000997664909865e-09 0 0 
0.52404621629588921 0 0 0 0 0 0 0 0 1.1355834234017367e-09 -1.1355834234017485e-09 0 0 
0.53740818894154807 0 0 0 0 0 0 0 0 1.172781788935423e-09 -1.1727817889354339e-09 0 0 
0.55138642625179612 0 0 0 0 0 0 0 0 1.2116305059119699e-09 -1.2116305059119864e-09 0 0 
0.56596663032049499 0 0 0 0 0 0 0 0 1.2520606148117832e-09 -1.2520606148117917e-09 0 0 
0.58113671008641465 0 0 0 0 0 0 0 0 1.2940052294752997e-09 -1.2940052294753125e-09 0 0 
0.59688371641169957 0 0 0 0 0 0 0 0 1.3373911491206634e-09 -1.3373911491206653e-09 0 0 
0.61319169983749811 0 0 0 0 0 0 0 0 1.3821332217005919e-09 -1.3821332217005964e-09 0 0 
0.63004443393837062 0 0 0 0 0 0 0 0 1.4281422147493401e-09 -1.4281422147493536e-09 0 0 
0.64742740840993684 0 0 0 0 0 0 0 0 1.4753305737408893e-09 -1.4753305737408854e-09 0 0 
0.66532542305970377 0 0 0 0 0 0 0 0 1.5236061839430376e-09 -1.5236061839430385e-09 0 0 
0.68372076947809513 0 0 0 0 0 0 0 0 1.5728679746354275e-09 -1.5728679746354449e-09 0 0 
0.70259543631942134 0 0 0 0 0 0 0 0 1.623012454555881e-09 -1.6230124545558895e-09 0 0 
0.72193283779604134 0 0 0 0 0 0 0 0 1.6739387674228061e-09 -1.6739387674228086e-09 0 0 
0.74171582691895677 0 0 0 0 0 0 0 0 1.7255438527086823e-09 -1.7255438527086838e-09 0 0 
0.76192510001822056 0 0 0 0 0 0 0 0 1.7777189041909621e-09 -1.7777189041909745e-09 0 0 
0.78254106450705119 0 0 0 0 0 0 0 0 1.8303549115465127e-09 -1.8303549115465293e-09 0 0 
0.80354538512753948 0 0 0 0 0 0 0 0 1.8833470900816044e-09 -1.8833470900816069e-09 0 0 
0.82491927657116704 0 0 0 0 0 0 0 0 1.9365909432840558e-09 -1.9365909432840674e-09 0 0 
0.84664206205542669 0 0 0 0 0 0 0 0 1.9899792707200095e-09 -1.9899792707200248e-09 0 0 
0.86869281341895688 0 0 0 0 0 0 0 0 2.0434068760186058e-09 -2.0434068760186236e-09 0 0 
0.89105177255089651 0 0 0 0 0 0 0 0 2.0967744000291033e-09 -2.0967744000291256e-09 0 0 
0.91369883464927226 0 0 0 0 0 0 0 0 2.1499849495770224e-09 -2.1499849495770373e-09 0 0 
0.93661221128141126 0 0 0 0 0 0 0 0 2.2029414331343865e-09 -2.2029414331343964e-09 0 0 
0.95976991493173436 0 0 0 0 0 0 0 0 2.2555505347768214e-09 -2.2555505347768326e-09 0 0 
0.98315109814083901 0 0 0 0 0 0 0 0 2.3077259840768975e-09 -2.3077259840769116e-09 0 0 
1.0067346668417609 0 0 0 0 0 0 0 0 2.3593855364549781e-09 -2.3593855364549918e-09 0 0 
1.0304980098091647 0 0 0 0 0 0 0 0 2.41044849486905e-09 -2.4104484948690591e-09 0 0 
1.0544183784343379 0 0 0 0 0 0 0 0 2.4608390427545559e-09 -2.4608390427545625e-09 0 0 
1.0784741772834623 0 0 0 0 0 0 0 0 2.5104890086803359e-09 -2.5104890086803442e-09 0 0 
1.1026436631848888 0 0 0 0 0 0 0 0 2.5593350750293244e-09 -2.5593350750293302e-09 0 0 
1.1269037095793317 0 0 0 0 0 0 0 0 2.6073164099105909e-09 -2.6073164099105971e-09 0 0 
1.1512311198795371 0 0 0 0 0 0 0 0 2.6543774620166754e-09 -2.654377462016687e-09 0 0 
1.175603898342388 0 0 0 0 0 0 0 0 2.7004703023263201e-09 -2.7004703023263334e-09 0 0 
1.2 0 0 0 0 0 0 0 0 2.7455520006994971e-09 -2.7455520006995075e-09 0 0 
1.2243961016576119 0 0 0 0 0 0 0 0 2.7895823375281857e-09 -2.7895823375281931e-09 0 0 
1.2487688801204628 0 0 0 0 0 0 0 0 2.8325261707267812e-09 -2.8325261707267791e-09 0 0 
1.2730962904206682 0 0 0 0 0 0 0 0 2.8743554503450085e-09 -2.8743554503450276e-09 0 0 
1.2973563368151111 0 0 0 0 0 0 0 0 2.9150467391334937e-09 -2.9150467391334821e-09 0 0 
1.3215258227165376 0 0 0 0 0 0 0 0 2.9545789972870011e-09 -2.9545789972869969e-09 0 0 
1.345581621565662 0 0 0 0 0 0 0 0 2.9929356298796009e-09 -2.992935629879615e-09 0 0 
1.3695019901908352 0 0 0 0 0 0 0 0 3.0301062716366192e-09 -3.0301062716366307e-09 0 0 
1.393265333158239 0 0 0 0 0 0 0 0 3.0660844427788568e-09 -3.0660844427788683e-09 0 0 
1.416848901859161 0 0 0 0 0 0 0 0 3.1008654063202241e-09 -3.1008654063202315e-09 0 0 
1.4402300850682654 0 0 0 0 0 0 0 0 3.1344479941183611e-09 -3.1344479941183726e-09 0 0 
1.4633877887185887 0 0 0 0 0 0 0 0 3.1668362518929923e-09 -3.1668362518929923e-09 0 0 
1.4863011653507276 0 0 0 0 0 0 0 0 3.1980372224217002e-09 -3.1980372224217113e-09 0 0 
1.5089482274491033 0 0 0 0 0 0 0 0 3.2280588687664031e-09 -3.2280588687663993e-09 0 0 
1.531307186581043 0 0 0 0 0 0 0 0 3.2569117629016351e-09 -3.2569117629016417e-09 0 0 
1.5533579379445732 0 0 0 0 0 0 0 0 3.2846106709100945e-09 -3.2846106709100928e-09 0 0 
1.5750807234288329 0 0 0 0 0 0 0 0 3.3111724481017076e-09 -3.3111724481017167e-09 0 0 
1.5964546148724605 0 0 0 0 0 0 0 0 3.3366140080676056e-09 -3.336614008067625e-09 0 0 
1.6174589354929487 0 0 0 0 0 0 0 0 3.3609539441303418e-09 -3.3609539441303492e-09 0 0 
1.6380748999817794 0 0 0 0 0 0 0 0 3.3842141269980878e-09 -3.3842141269980832e-09 0 0 
1.6582841730810431 0 0 0 0 0 0 0 0 3.4064176849234658e-09 -3.4064176849234674e-09 0 0 
1.6780671622039587 0 0 0 0 0 0 0 0 3.4275869800533456e-09 -3.4275869800533514e-09 0 0 
1.6974045636805786 0 0 0 0 0 0 0 0 3.4477452234117602e-09 -3.4477452234117594e-09 0 0 
1.7162792305219048 0 0 0 0 0 0 0 0 3.4669181572437464e-09 -3.4669181572437431e-09 0 0 
1.734674576940296 0 0 0 0 0 0 0 0 3.4851320797839674e-09 -3.4851320797839591e-09 0 0 
1.752572591590063 0 0 0 0 0 0 0 0 3.5024117659432895e-09 -3.5024117659432961e-09 0 0 
1.7699555660616293 0 0 0 0 0 0 0 0 3.5187821340082529e-09 -3.5187821340082711e-09 0 0 
1.7868083001625017 0 0 0 0 0 0 0 0 3.5342700984616931e-09 -3.534270098461696e-09 0 0 
1.8031162835883003 0 0 0 0 0 0 0 0 3.5489025826425215e-09 -3.5489025826425244e-09 0 0 
1.8188632899135853 0 0 0 0 0 0 0 0 3.5627042841212667e-09 -3.5627042841212629e-09 0 0 
1.834033369679505 0 0 0 0 0 0 0 0 3.5756994585674423e-09 -3.5756994585674481e-09 0 0 
1.8486135737482039 0 0 0 0 0 0 0 0 3.5879140667772965e-09 -3.5879140667773027e-09 0 0 
1.8625918110584518 0 0 0 0 0 0 0 0 3.5993736961866292e-09 -3.5993736961866267e-09 0 0 
1.8759537837041107 0 0 0 0 0 0 0 0 3.6101010056837467e-09 -3.6101010056837467e-09 0 0 
1.8886853689458338 0 0 0 0 0 0 0 0 3.6201177132589473e-09 -3.620117713258961e-09 0 0 
1.9007761860042729 0 0 0 0 0 0 0 0 3.6294472492752195e-09 -3.6294472492752161e-09 0 0 
1.9122169744236219 0 0 0 0 0 0 0 0 3.6381124731978645e-09 -3.6381124731978633e-09 0 0 
1.9229954140489234 0 0 0 0 0 0 0 0 3.646132493689268e-09 -3.6461324936892717e-09 0 0 
1.9330990898478242 0 0 0 0 0 0 0 0 3.6535249877197965e-09 -3.6535249877197973e-09 0 0 
1.9425205641662899 0 0 0 0 0 0 0 0 3.660309786019196e-09 -3.660309786019194e-09 0 0 
1.95125403520237 0 0 0 0 0 0 0 0 3.6665062185455229e-09 -3.6665062185455242e-09 0 0 
1.9592890387303059 0 0 0 0 0 0 0 0 3.6721286549825855e-09 -3.6721286549825938e-09 0 0 
1.9666142788911265 0 0 0 0 0 0 0 0 3.6771893380188364e-09 -3.6771893380188414e-09 0 0 
1.9732258100237337 0 0 0 0 0 0 0 0 3.6817039328342663e-09 -3.6817039328342754e-09 0 0 
1.9791226944154592 0 0 0 0 0 0 0 0 3.6856883121609221e-09 -3.6856883121609312e-09 0 0 
1.9842958495885588 0 0 0 0 0 0 0 0 3.6891510463740796e-09 -3.6891510463740895e-09 0 0 
1.9887327933887224 0 0 0 0 0 0 0 0 3.6920967791029059e-09 -3.6920967791029158e-09 0 0 
1.9924340489675574 0 0 0 0 0 0 0 0 3.6945370385420243e-09 -3.6945370385420321e-09 0 0 
1.995409008349402 0 0 0 0 0 0 0 0 3.6964872411400547e-09 -3.6964872411400613e-09 0 0 
1.9976495142321513 0 0 0 0 0 0 0 0 3.6979494029950256e-09 -3.6979494029950426e-09 0 0 
1.9991279926791228 0 0 0 0 0 0 0 0 3.6989111733312032e-09 -3.6989111733312173e-09 0 0 
1.9998552902127926 0 0 0 0 0 0 0 0 3.6993833897969041e-09 -3.6993833897969053e-09 0 0 
2.0052457297862674 0 0 0 0 0 0 0 0 3.702864795833426e-09 -3.7028647958334351e-09 0 0 
2.0316102653817971 0 0 0 0 0 0 0 0 3.7194271571105944e-09 -3.7194271571106035e-09 0 0 
2.0852051090845158 0 0 0 0 0 0 0 0 3.7507666306553764e-09 -3.7507666306553714e-09 0 0 
2.166423447334175 0 0 0 0 0 0 0 0 3.7925523856637184e-09 -3.79255238566373e-09 0 0 
2.2742657249260461 0 0 0 0 0 0 0 0 3.8380706307271479e-09 -3.8380706307271462e-09 0 0 
2.4084362396588119 0 0 0 0 0 0 0 0 3.8801564220974477e-09 -3.8801564220974576e-09 0 0 
2.5692754524147468 0 0 0 0 0 0 0 0 3.9115817057563279e-09 -3.911581705756323e-09 0 0 
2.7568023274396083 0 0 0 0 0 0 0 0 3.9253317450443455e-09 -3.9253317450443505e-09 0 0 
2.9705643866396585 0 0 0 0 0 0 0 0 3.9153691238465889e-09 -3.9153691238465897e-09 0 0 
3.2102323901966621 0 0 0 0 0 0 0 0 3.8771409358077545e-09 -3.8771409358077562e-09 0 0 
3.4757723460264138 0 0 0 0 0 0 0 0 3.8075744755005085e-09 -3.8075744755005101e-09 0 0 
3.7670412239140916 0 0 0 0 0 0 0 0 3.7050301662519608e-09 -3.7050301662519682e-09 0 0 
4.0836295489719916 0 0 0 0 0 0 0 0 3.5692451876813608e-09 -3.5692451876813649e-09 0 0 
4.4251579930163736 0 0 0 0 0 0 0 0 3.4010416518161654e-09 -3.4010416518161629e-09 0 0 
4.7914162407265266 0 0 0 0 0 0 0 0 3.2020519906176712e-09 -3.2020519906176741e-09 0 0 
5.1821346771437078 0 0 0 0 0 0 0 0 2.9747706463612749e-09 -2.9747706463612795e-09 0 0 
5.596863257345106 0 0 0 0 0 0 0 0 2.7227467987347662e-09 -2.7227467987347678e-09 0 0 
6.0351553757135221 0 0 0 0 0 0 0 0 2.4506856748627035e-09 -2.4506856748627056e-09 0 0 
6.4966753407259858 0 0 0 0 0 0 0 0 2.1645643210981803e-09 -2.164564321098182e-09 0 0 
6.9810468491311184 0 0 0 0 0 0 0 0 1.8717630511330851e-09 -1.8717630511330864e-09 0 0 
7.4877579516276107 0 0 0 0 0 0 0 0 1.580870294168076e-09 -1.5808702941680767e-09 0 0 
8.0162903491179449 0 0 0 0 0 0 0 0 1.3009926352305556e-09 -1.3009926352305573e-09 0 0 
8.5662057406325331 0 0 0 0 0 0 0 0 1.0408241476256506e-09 -1.0408241476256515e-09 0 0 
9.1370347199241095 0 0 0 0 0 0 0 0 8.0772218648435875e-10 -8.0772218648435833e-10 0 0 
9.7281991191093056 0 0 0 0 0 0 0 0 6.0686710387945691e-10 -6.0686710387945784e-10 0 0 
10.339110730265936 0 0 0 0 0 0 0 0 4.4069648414517371e-10 -4.4069648414517371e-10 0 0 
10.969243554860213 0 0 0 0 0 0 0 0 3.0885469777107134e-10 -3.0885469777107186e-10 0 0 
11.618046585914264 0 0 0 0 0 0 0 0 2.086370504821358e-10 -2.0863705048213585e-10 0 0 
12.284877893580951 0 0 0 0 0 0 0 0 1.3571137452811927e-10 -1.3571137452811938e-10 0 0 
12.969084566579024 0 0 0 0 0 0 0 0 8.493275420814268e-11 -8.4932754208142757e-11 0 0 
13.670065370106499 0 0 0 0 0 0 0 0 5.1104880569321684e-11 -5.1104880569321716e-11 0 0 
14.387198725812187 0 0 0 0 0 0 0 0 2.9547708151540547e-11 -2.954770815154058e-11 0 0 
15.119784875660498 0 0 0 0 0 0 0 0 1.6408307508272375e-11 -1.6408307508272385e-11 0 0 
15.86711358838061 0 0 0 0 0 0 0 0 8.7480156945257789e-12 -8.748015694525787e-12 0 0 
16.628520210873308 0 0 0 0 0 0 0 0 4.4758213627358513e-12 -4.4758213627358383e-12 0 0 
17.403323775704809 0 0 0 0 0 0 0 0 2.1966048226123837e-12 -2.1966048226123784e-12 0 0 
18.190774749509224 0 0 0 0 0 0 0 0 1.0335577131427518e-12 -1.0335577131427518e-12 0 0 
18.990114486437186 0 0 0 0 0 0 0 0 4.6596341287657328e-13 -4.6596341287657298e-13 0 0 
19.800626754970001 0 0 0 0 0 0 0 0 2.0110458186607736e-13 -2.0110458186607731e-13 0 0 
20.621582756036126 0 0 0 0 0 0 0 0 8.2991158979488551e-14 -8.2991158979488538e-14 0 0 
21.452192658951162 0 0 0 0 0 0 0 0 3.269649524888953e-14 -3.2696495248889492e-14 0 0 
22.291659416275373 0 0 0 0 0 0 0 0 1.2270803984813878e-14 -1.2270803984813878e-14 0 0 
23.139227307605417 0 0 0 0 0 0 0 0 4.372716917815777e-15 -4.3727169178157747e-15 0 0 
23.994131673013836 0 0 0 0 0 0 0 0 1.47264925886788e-15 -1.4726492588678802e-15 0 0 
24.855552855582225 0 0 0 0 0 0 0 0 4.6544310534382893e-16 -4.6544310534382893e-16 0 0 
25.722666218244751 0 0 0 0 0 0 0 0 1.3651803555558274e-16 -1.3651803555558266e-16 0 0 
26.594688926525507 0 0 0 0 0 0 0 0 3.6447190308533983e-17 -3.6447190308533977e-17 0 0 
27.470832790452228 0 0 0 0 0 0 0 0 8.5293143575013521e-18 -8.5293143575013351e-18 0 0 
28.350259472250777 0 0 0 0 0 0 0 0 1.5957983047612545e-18 -1.5957983047612521e-18 0 0 
29.232128095633218 0 0 0 0 0 0 0 0 1.6160856220874776e-19 -1.6160856220874675e-19 0 0 
30.115641314911567 0 0 0 0 0 0 0 0 -3.6136342660589789e-20 3.6136342660589946e-20 0 0 
31 0 0 0 0 0 0 0 0 -2.635736517134627e-20 2.6357365171346285e-20 0 0 
31.884358685088433 0 0 0 0 0 0 0 0 -7.6154007334370196e-21 7.6154007334370076e-21 0 0 
32.767871904366785 0 0 0 0 0 0 0 0 -2.4773485908480159e-22 2.4773485908479811e-22 0 0 
33.649740527749223 0 0 0 0 0 0 0 0 1.1850128529296767e-21 -1.1850128529296784e-21 0 0 
34.529167209547772 0 0 0 0 0 0 0 0 9.1475709284239017e-22 -9.1475709284239017e-22 0 0 
35.405311073474493 0 0 0 0 0 0 0 0 4.8155603141528649e-22 -4.815560314152863e-22 0 0 
36.277333781755246 0 0 0 0 0 0 0 0 2.1057769962682935e-22 -2.1057769962682935e-22 0 0 
37.144447144417775 0 0 0 0 0 0 0 0 8.1037433805349391e-23 -8.1037433805349332e-23 0 0 
38.00586832698616 0 0 0 0 0 0 0 0 2.7996172183898405e-23 -2.7996172183898399e-23 0 0 
38.860772692394583 0 0 0 0 0 0 0 0 8.6837050299777084e-24 -8.683705029977704e-24 0 0 
39.708340583724627 0 0 0 0 0 0 0 0 2.3682113621239814e-24 -2.3682113621239803e-24 0 0 
40.547807341048838 0 0 0 0 0 0 0 0 5.3147912650840471e-25 -5.3147912650840443e-25 0 0 
41.378417243963874 0 0 0 0 0 0 0 0 7.5423543144306085e-26 -7.5423543144305982e-26 0 0 
42.199373245030003 0 0 0 0 0 0 0 0 -8.846427603504393e-27 8.8464276035043988e-27 0 0 
43.009885513562814 0 0 0 0 0 0 0 0 -1.2288298705806165e-26 1.2288298705806165e-26 0 0 
43.809225250490776 0 0 0 0 0 0 0 0 -5.8237315686216466e-27 5.8237315686216473e-27 0 0 
44.596676224295194 0 0 0 0 0 0 0 0 -1.8122751165716469e-27 1.8122751165716469e-27 0 0 
45.371479789126695 0 0 0 0 0 0 0 0 -2.4918692733632343e-28 2.4918692733632294e-28 0 0 
46.132886411619388 0 0 0 0 0 0 0 0 1.6202090546265211e-28 -1.620209054626524e-28 0 0 
46.8802151243395 0 0 0 0 0 0 0 0 1.8408028350927992e-28 -1.8408028350928001e-28 0 0 
47.612801274187817 0 0 0 0 0 0 0 0 1.2214960001291194e-28 -1.2214960001291198e-28 0 0 
48.329934629893501 0 0 0 0 0 0 0 0 6.6869136878010952e-29 -6.6869136878010929e-29 0 0 
49.030915433420972 0 0 0 0 0 0 0 0 3.2820632193127559e-29 -3.2820632193127559e-29 0 0 
49.715122106419045 0 0 0 0 0 0 0 0 1.4914496179856154e-29 -1.4914496179856159e-29 0 0 
50.381953414085736 0 0 0 0 0 0 0 0 6.357195985999123e-30 -6.3571959859991216e-30 0 0 
51.030756445139787 0 0 0 0 0 0 0 0 2.5458999638547625e-30 -2.5458999638547629e-30 0 0 
51.660889269734064 0 0 0 0 0 0 0 0 9.4820081089641168e-31 -9.4820081089641098e-31 0 0 
52.271800880890694 0 0 0 0 0 0 0 0 3.1813382525059158e-31 -3.1813382525059132e-31 0 0 
52.86296528007589 0 0 0 0 0 0 0 0 8.739881025780206e-32 -8.7398810257802082e-32 0 0 
53.433794259367467 0 0 0 0 0 0 0 0 1.1824919787101188e-32 -1.1824919787101171e-32 0 0 
53.983709650882055 0 0 0 0 0 0 0 0 -7.885420616744643e-33 7.8854206167446567e-33 0 0 
54.512242048372386 0 0 0 0 0 0 0 0 -9.7527200538309123e-33 9.7527200538309192e-33 0 0 
55.018953150868882 0 0 0 0 0 0 0 0 -7.2304504192771594e-33 7.2304504192771594e-33 0 0 
55.503324659274014 0 0 0 0 0 0 0 0 -4.5038936047338881e-33 4.5038936047338881e-33 0 0 
55.964844624286478 0 0 0 0 0 0 0 0 -2.5345464542570052e-33 2.5345464542570069e-33 0 0 
56.403136742654894 0 0 0 0 0 0 0 0 -1.3088798260261631e-33 1.3088798260261621e-33 0 0 
56.817865322856292 0 0 0 0 0 0 0 0 -6.0777625668135118e-34 6.0777625668135075e-34 0 0 
57.208583759273473 0 0 0 0 0 0 0 0 -2.314472180451667e-34 2.3144721804516661e-34 0 0 
57.57484200698363 0 0 0 0 0 0 0 0 -4.1795981949199926e-35 4.1795981949199803e-35 0 0 
57.916370451028008 0 0 0 0 0 0 0 0 4.6137359956943539e-35 -4.6137359956943678e-35 0 0 
58.232958776085908 0 0 0 0 0 0 0 0 8.1186147469956284e-35 -8.1186147469956348e-35 0 0 
58.524227653973583 0 0 0 0 0 0 0 0 9.017473663059231e-35 -9.0174736630592342e-35 0 0 
58.789767609803334 0 0 0 0 0 0 0 0 8.7326158538393394e-35 -8.7326158538393458e-35 0 0 
59.029435613360342 0 0 0 0 0 0 0 0 7.9889156885075222e-35 -7.9889156885075264e-35 0 0 
59.243197672560392 0 0 0 0 0 0 0 0 7.1373944419843556e-35 -7.1373944419843535e-35 0 0 
59.430724547585257 0 0 0 0 0 0 0 0 6.3374410005460954e-35 -6.3374410005460965e-35 0 0 
59.591563760341188 0 0 0 0 0 0 0 0 5.6528491863736273e-35 -5.6528491863736284e-35 0 0 
59.725734275073954 0 0 0 0 0 0 0 0 5.0996919521936363e-35 -5.0996919521936352e-35 0 0 
59.833576552665825 0 0 0 0 0 0 0 0 4.6732786941202769e-35 -4.6732786941202764e-35 0 0 
59.914794890915488 0 0 0 0 0 0 0 0 4.3649580748411592e-35 -4.3649580748411592e-35 0 0 
59.968389734618199 0 0 0 0 0 0 0 0 4.1680758330194257e-35 -4.1680758330194236e-35 0 0 
59.994754270213733 0 0 0 0 0 0 0 0 4.0732235197068666e-35 -4.0732235197068656e-35 0 0 
