Momentum Spectrum, a: 1nm    v: 0.5c   b: 1.5nm    Lmax: 5 

         w(au)                   dpEdwx                 dpHdwx                 dpEdwz                dpHdwz                  dpEsdwx                dpHsdwx                dpEsdwz                dpHsdwz              dpEedwx                dpHedwx                dpEedwz                dpHedwz
2.7133085101382903e-05 0 0 0 0 0 0 0 0 2.1904919093782604e-17 -2.1904959315439889e-17 0 0 
0.00016350137266446518 0 0 0 0 0 0 0 0 6.7405337480964526e-16 -6.7405340965462857e-16 0 0 
0.00044071608147164265 0 0 0 0 0 0 0 0 4.4106816128868261e-15 -4.4106816550213385e-15 0 0 
0.00086081093448711621 0 0 0 0 0 0 0 0 1.5573098322022533e-14 -1.5573098351801035e-14 0 0 
0.0014186158185829911 0 0 0 0 0 0 0 0 3.9754077018374337e-14 -3.9754077044740719e-14 0 0 
0.0021126012396145422 0 0 0 0 0 0 0 0 8.3670993665671026e-14 -8.3670993671616386e-14 0 0 
0.0029445282021452468 0 0 0 0 0 0 0 0 1.5526815981980042e-13 -1.5526815984032484e-13 0 0 
0.003914494797101431 0 0 0 0 0 0 0 0 2.6338372108583755e-13 -2.6338372108221863e-13 0 0 
0.0050201606205499683 0 0 0 0 0 0 0 0 4.1733716009161002e-13 -4.173371601138922e-13 0 0 
0.0062598227079137536 0 0 0 0 0 0 0 0 6.2703807582529787e-13 -6.2703807583506894e-13 0 0 
0.0076333052380676558 0 0 0 0 0 0 0 0 9.0316677030068257e-13 -9.0316677032420552e-13 0 0 
0.0091398683995556618 0 0 0 0 0 0 0 0 1.2568200631988395e-12 -1.2568200632206564e-12 0 0 
0.010777394218820652 0 0 0 0 0 0 0 0 1.6991183533375716e-12 -1.6991183533437754e-12 0 0 
0.012543920653532964 0 0 0 0 0 0 0 0 2.241386205802549e-12 -2.2413862058216259e-12 0 0 
0.014438359865826866 0 0 0 0 0 0 0 0 2.8953717233062813e-12 -2.8953717233373522e-12 0 0 
0.016459317295570902 0 0 0 0 0 0 0 0 3.6728807602261359e-12 -3.6728807602445406e-12 0 0 
0.018604465124198805 0 0 0 0 0 0 0 0 4.585387102748466e-12 -4.5853871027930303e-12 0 0 
0.020871493322656143 0 0 0 0 0 0 0 0 5.64425326503453e-12 -5.6442532650494193e-12 0 0 
0.02325866555547923 0 0 0 0 0 0 0 0 6.8609787460797493e-12 -6.860978746094225e-12 0 0 
0.025764035426540266 0 0 0 0 0 0 0 0 8.2468297527414488e-12 -8.2468297527678669e-12 0 0 
0.028384954922211783 0 0 0 0 0 0 0 0 9.8124511470971237e-12 -9.8124511471176481e-12 0 0 
0.03111874318509282 0 0 0 0 0 0 0 0 1.1568117772228889e-11 -1.1568117772285705e-11 0 0 
0.03396313314120275 0 0 0 0 0 0 0 0 1.3524009035100979e-11 -1.3524009035087382e-11 0 0 
0.036915696827193673 0 0 0 0 0 0 0 0 1.56898383602302e-11 -1.5689838360247674e-11 0 0 
0.039973443719530891 0 0 0 0 0 0 0 0 1.8074467300717533e-11 -1.807446730076432e-11 0 0 
0.043133331363444494 0 0 0 0 0 0 0 0 2.0686184265166429e-11 -2.0686184265177234e-11 0 0 
0.046392639076863182 0 0 0 0 0 0 0 0 2.3533005456437821e-11 -2.3533005456449815e-11 0 0 
0.04974851682369448 0 0 0 0 0 0 0 0 2.6622306179581138e-11 -2.662230617961893e-11 0 0 
0.053197644277142853 0 0 0 0 0 0 0 0 2.9960436985858306e-11 -2.9960436985895943e-11 0 0 
0.056736644309891504 0 0 0 0 0 0 0 0 3.3553029030337767e-11 -3.3553029030364857e-11 0 0 
0.060362407086757761 0 0 0 0 0 0 0 0 3.7405322343491329e-11 -3.7405322343513714e-11 0 0 
0.06407171754730441 0 0 0 0 0 0 0 0 4.1521799370573257e-11 -4.1521799370590835e-11 0 0 
0.067860956253416371 0 0 0 0 0 0 0 0 4.5905801895891352e-11 -4.5905801895914513e-11 0 0 
0.071726449595072114 0 0 0 0 0 0 0 0 5.0559863124672813e-11 -5.0559863124687186e-11 0 0 
0.075664759711413662 0 0 0 0 0 0 0 0 5.5486064580622031e-11 -5.548606458065486e-11 0 0 
0.079672364357093836 0 0 0 0 0 0 0 0 6.0685670691751185e-11 -6.0685670691767315e-11 0 0 
0.083745386635392521 0 0 0 0 0 0 0 0 6.6158743917079337e-11 -6.6158743917106221e-11 0 0 
0.087879902516054403 0 0 0 0 0 0 0 0 7.1904503950879244e-11 -7.1904503950889273e-11 0 0 
0.092072207353293106 0 0 0 0 0 0 0 0 7.7921714682022637e-11 -7.7921714682054535e-11 0 0 
0.09631853149673858 0 0 0 0 0 0 0 0 8.4208317200897372e-11 -8.4208317200923325e-11 0 0 
0.10061478961526461 0 0 0 0 0 0 0 0 9.0761039155172948e-11 -9.0761039155194971e-11 0 0 
0.1049568590497002 0 0 0 0 0 0 0 0 9.7575781643155494e-11 -9.7575781643201816e-11 0 0 
0.10934083090140731 0 0 0 0 0 0 0 0 1.0464803790230158e-10 -1.0464803790232883e-10 0 0 
0.11376275003283018 0 0 0 0 0 0 0 0 1.1197252077519938e-10 -1.1197252077522357e-10 0 0 
0.1182183768392184 0 0 0 0 0 0 0 0 1.195427608906987e-10 -1.1954276089071142e-10 0 0 
0.12270344595643837 0 0 0 0 0 0 0 0 1.2735152208768887e-10 -1.2735152208770458e-10 0 0 
0.12721390824064918 0 0 0 0 0 0 0 0 1.3539125400687304e-10 -1.35391254006884e-10 0 0 
0.13174568684716667 0 0 0 0 0 0 0 0 1.4365370879991272e-10 -1.4365370879994493e-10 0 0 
0.13629444554612472 0 0 0 0 0 0 0 0 1.5212952124285263e-10 -1.5212952124286819e-10 0 0 
0.14085583497741319 0 0 0 0 0 0 0 0 1.6080865407062282e-10 -1.6080865407066418e-10 0 0 
0.14542573093919775 0 0 0 0 0 0 0 0 1.696808875926632e-10 -1.6968088759268523e-10 0 0 
0.14999999999999999 0 0 0 0 0 0 0 0 1.7873541920293064e-10 -1.7873541920297406e-10 0 0 
0.15457426906080224 0 0 0 0 0 0 0 0 1.8796041689821798e-10 -1.879604168982538e-10 0 0 
0.1591441650225868 0 0 0 0 0 0 0 0 1.9734349683128536e-10 -1.973434968313094e-10 0 0 
0.16370555445387527 0 0 0 0 0 0 0 0 2.0687225461999829e-10 -2.0687225462001178e-10 0 0 
0.16825431315283332 0 0 0 0 0 0 0 0 2.1653383992745499e-10 -2.1653383992747096e-10 0 0 
0.17278609175935081 0 0 0 0 0 0 0 0 2.2631447289835331e-10 -2.2631447289837689e-10 0 0 
0.17729655404356162 0 0 0 0 0 0 0 0 2.3619995767377569e-10 -2.3619995767379425e-10 0 0 
0.18178162316078159 0 0 0 0 0 0 0 0 2.4617626243208239e-10 -2.4617626243209831e-10 0 0 
0.18623724996716981 0 0 0 0 0 0 0 0 2.5622905979571576e-10 -2.5622905979571054e-10 0 0 
0.19065916909859268 0 0 0 0 0 0 0 0 2.6634319311716901e-10 -2.6634319311717536e-10 0 0 
0.19504314095029979 0 0 0 0 0 0 0 0 2.7650323178620683e-10 -2.7650323178622994e-10 0 0 
0.19938521038473539 0 0 0 0 0 0 0 0 2.8669411055480935e-10 -2.8669411055481721e-10 0 0 
0.20368146850326141 0 0 0 0 0 0 0 0 2.9690062454887603e-10 -2.9690062454889056e-10 0 0 
0.20792779264670688 0 0 0 0 0 0 0 0 3.071068286294939e-10 -3.0710682862950569e-10 0 0 
0.21212009748394559 0 0 0 0 0 0 0 0 3.1729664328650878e-10 -3.1729664328655531e-10 0 0 
0.21625461336460747 0 0 0 0 0 0 0 0 3.2745456902152746e-10 -3.2745456902157611e-10 0 0 
0.22032763564290614 0 0 0 0 0 0 0 0 3.3756512192141874e-10 -3.3756512192144955e-10 0 0 
0.22433524028858631 0 0 0 0 0 0 0 0 3.4761214364261858e-10 -3.4761214364263393e-10 0 0 
0.22827355040492786 0 0 0 0 0 0 0 0 3.5757947089891458e-10 -3.5757947089894007e-10 0 0 
0.23213904374658362 0 0 0 0 0 0 0 0 3.674517486336262e-10 -3.674517486336383e-10 0 0 
0.23592828245269559 0 0 0 0 0 0 0 0 3.77213787854129e-10 -3.7721378785413169e-10 0 0 
0.23963759291324221 0 0 0 0 0 0 0 0 3.868497546210361e-10 -3.8684975462106361e-10 0 0 
0.24326335569010848 0 0 0 0 0 0 0 0 3.9634392226190262e-10 -3.9634392226191653e-10 0 0 
0.24680235572285714 0 0 0 0 0 0 0 0 4.0568161974555073e-10 -4.0568161974559333e-10 0 0 
0.25025148317630552 0 0 0 0 0 0 0 0 4.1484848680551974e-10 -4.1484848680555029e-10 0 0 
0.25360736092313679 0 0 0 0 0 0 0 0 4.2382949474780907e-10 -4.2382949474783626e-10 0 0 
0.2568666686365555 0 0 0 0 0 0 0 0 4.3260980974842284e-10 -4.3260980974842387e-10 0 0 
0.26002655628046911 0 0 0 0 0 0 0 0 4.4117593433339139e-10 -4.4117593433342354e-10 0 0 
0.26308430317280629 0 0 0 0 0 0 0 0 4.4951482404778827e-10 -4.495148240478153e-10 0 0 
0.26603686685879724 0 0 0 0 0 0 0 0 4.5761266483568297e-10 -4.5761266483573105e-10 0 0 
0.26888125681490715 0 0 0 0 0 0 0 0 4.6545589027975606e-10 -4.6545589027979292e-10 0 0 
0.27161504507778822 0 0 0 0 0 0 0 0 4.7303261347209746e-10 -4.7303261347212352e-10 0 0 
0.27423596457345972 0 0 0 0 0 0 0 0 4.8033155163378264e-10 -4.8033155163380828e-10 0 0 
0.27674133444452076 0 0 0 0 0 0 0 0 4.8734043014921216e-10 -4.8734043014920958e-10 0 0 
0.27912850667734385 0 0 0 0 0 0 0 0 4.9404722026714975e-10 -4.9404722026718139e-10 0 0 
0.28139553487580116 0 0 0 0 0 0 0 0 5.0044203840776973e-10 -5.0044203840779496e-10 0 0 
0.28354068270442911 0 0 0 0 0 0 0 0 5.0651579518058036e-10 -5.0651579518059794e-10 0 0 
0.28556164013417312 0 0 0 0 0 0 0 0 5.1225797762727826e-10 -5.122579776273189e-10 0 0 
0.287456079346467 0 0 0 0 0 0 0 0 5.1765821249114141e-10 -5.1765821249118008e-10 0 0 
0.28922260578117931 0 0 0 0 0 0 0 0 5.227089945160155e-10 -5.227089945160457e-10 0 0 
0.29086013160044433 0 0 0 0 0 0 0 0 5.2740392957478697e-10 -5.2740392957479876e-10 0 0 
0.29236669476193233 0 0 0 0 0 0 0 0 5.317343474728674e-10 -5.3173434747287702e-10 0 0 
0.29374017729208624 0 0 0 0 0 0 0 0 5.3569134515652463e-10 -5.3569134515653973e-10 0 0 
0.29497983937945005 0 0 0 0 0 0 0 0 5.3927022085588242e-10 -5.3927022085591303e-10 0 0 
0.29608550520289856 0 0 0 0 0 0 0 0 5.424681586088747e-10 -5.4246815860887656e-10 0 0 
0.29705547179785474 0 0 0 0 0 0 0 0 5.4527817654496249e-10 -5.4527817654499744e-10 0 0 
0.29788739876038545 0 0 0 0 0 0 0 0 5.4769167660292456e-10 -5.4769167660294411e-10 0 0 
0.298581384181417 0 0 0 0 0 0 0 0 5.497073794393141e-10 -5.49707379439366e-10 0 0 
0.29913918906551284 0 0 0 0 0 0 0 0 5.5132910950499192e-10 -5.5132910950501622e-10 0 0 
0.29955928391852837 0 0 0 0 0 0 0 0 5.5255138975351993e-10 -5.5255138975353369e-10 0 0 
0.29983649862733552 0 0 0 0 0 0 0 0 5.5335838777232579e-10 -5.5335838777235226e-10 0 0 
0.29997286691489861 0 0 0 0 0 0 0 0 5.5375549467076749e-10 -5.5375549467080037e-10 0 0 
0.30000059078074809 0 0 0 0 0 0 0 0 5.5383623722447179e-10 -5.538362372244966e-10 0 0 
0.30000356082818674 0 0 0 0 0 0 0 0 5.5384488734776168e-10 -5.5384488734778505e-10 0 0 
0.30000960107539265 0 0 0 0 0 0 0 0 5.5386247940479978e-10 -5.5386247940480557e-10 0 0 
0.30001876084094969 0 0 0 0 0 0 0 0 5.5388915728567177e-10 -5.53889157285694e-10 0 0 
0.30003093563367417 0 0 0 0 0 0 0 0 5.5392461703398426e-10 -5.5392461703403627e-10 0 0 
0.30004610295221368 0 0 0 0 0 0 0 0 5.5396879360288306e-10 -5.5396879360290343e-10 0 0 
0.30006431407443207 0 0 0 0 0 0 0 0 5.5402183695873838e-10 -5.5402183695876237e-10 0 0 
0.3000855865904401 0 0 0 0 0 0 0 0 5.5408379908079698e-10 -5.5408379908081207e-10 0 0 
0.30010988814452072 0 0 0 0 0 0 0 0 5.5415458659089109e-10 -5.5415458659089925e-10 0 0 
0.30013720290229112 0 0 0 0 0 0 0 0 5.5423415434795716e-10 -5.5423415434801589e-10 0 0 
0.30016755019256702 0 0 0 0 0 0 0 0 5.5432255976226833e-10 -5.5432255976229769e-10 0 0 
0.30020093951885418 0 0 0 0 0 0 0 0 5.5441983175224802e-10 -5.5441983175225712e-10 0 0 
0.30023735358012893 0 0 0 0 0 0 0 0 5.5452592127025098e-10 -5.5452592127028262e-10 0 0 
0.30027678100656341 0 0 0 0 0 0 0 0 5.5464079666160814e-10 -5.5464079666164143e-10 0 0 
0.30031923113205899 0 0 0 0 0 0 0 0 5.5476448671285931e-10 -5.5476448671291329e-10 0 0 
0.30036470895443051 0 0 0 0 0 0 0 0 5.5489700770350605e-10 -5.548970077035592e-10 0 0 
0.30041320235572655 0 0 0 0 0 0 0 0 5.5503832615868489e-10 -5.5503832615872108e-10 0 0 
0.3004647020007068 0 0 0 0 0 0 0 0 5.5518841682455952e-10 -5.5518841682458672e-10 0 0 
0.30051921244176577 0 0 0 0 0 0 0 0 5.5534729503818896e-10 -5.5534729503821864e-10 0 0 
0.30057673584545436 0 0 0 0 0 0 0 0 5.5551496930648008e-10 -5.5551496930650738e-10 0 0 
0.30063726226509496 0 0 0 0 0 0 0 0 5.5569141294534722e-10 -5.5569141294535632e-10 0 0 
0.30070078325932281 0 0 0 0 0 0 0 0 5.5587660376842239e-10 -5.5587660376846313e-10 0 0 
0.30076730048515166 0 0 0 0 0 0 0 0 5.5607054914430822e-10 -5.5607054914432901e-10 0 0 
0.30083681409142204 0 0 0 0 0 0 0 0 5.5627325216383829e-10 -5.5627325216385846e-10 0 0 
0.30090931506552177 0 0 0 0 0 0 0 0 5.5648468931720617e-10 -5.5648468931723926e-10 0 0 
0.30098479527725086 0 0 0 0 0 0 0 0 5.5670483977463733e-10 -5.5670483977468035e-10 0 0 
0.30106325434740078 0 0 0 0 0 0 0 0 5.5693370542345684e-10 -5.5693370542349189e-10 0 0 
0.30114469084704187 0 0 0 0 0 0 0 0 5.5717128520437615e-10 -5.5717128520440407e-10 0 0 
0.30122909609124293 0 0 0 0 0 0 0 0 5.5741755699995407e-10 -5.5741755699994973e-10 0 0 
0.3013164619346731 0 0 0 0 0 0 0 0 5.5767250036995712e-10 -5.5767250036996394e-10 0 0 
0.30140678641540108 0 0 0 0 0 0 0 0 5.5793611302388599e-10 -5.5793611302393955e-10 0 0 
0.30150006678721131 0 0 0 0 0 0 0 0 5.5820839049300269e-10 -5.5820839049302771e-10 0 0 
0.30159629435932384 0 0 0 0 0 0 0 0 5.5848931106225751e-10 -5.5848931106226765e-10 0 0 
0.30169546077511855 0 0 0 0 0 0 0 0 5.5877885409066068e-10 -5.5877885409068167e-10 0 0 
0.30179756275556435 0 0 0 0 0 0 0 0 5.5907701386367277e-10 -5.590770138636525e-10 0 0 
0.30190259640313605 0 0 0 0 0 0 0 0 5.5938378296564916e-10 -5.5938378296569558e-10 0 0 
0.30201055282261291 0 0 0 0 0 0 0 0 5.5969913948492987e-10 -5.5969913948496316e-10 0 0 
0.30212142332185188 0 0 0 0 0 0 0 0 5.6002306219630357e-10 -5.6002306219632487e-10 0 0 
0.3022352034731085 0 0 0 0 0 0 0 0 5.6035554242916693e-10 -5.6035554242919464e-10 0 0 
0.3023518883399543 0 0 0 0 0 0 0 0 5.6069657012592208e-10 -5.6069657012595155e-10 0 0 
0.30247146869773511 0 0 0 0 0 0 0 0 5.6104612279056279e-10 -5.6104612279059691e-10 0 0 
0.3025939354371715 0 0 0 0 0 0 0 0 5.6140417835223322e-10 -5.61404178352251e-10 0 0 
0.30271928309559171 0 0 0 0 0 0 0 0 5.6177072549121359e-10 -5.6177072549124069e-10 0 0 
0.30284750577789543 0 0 0 0 0 0 0 0 5.6214575171641307e-10 -5.6214575171643002e-10 0 0 
0.30297859384828757 0 0 0 0 0 0 0 0 5.6252923368420434e-10 -5.6252923368419917e-10 0 0 
0.30311253772548813 0 0 0 0 0 0 0 0 5.6292114829209714e-10 -5.6292114829212485e-10 0 0 
0.30324933099307072 0 0 0 0 0 0 0 0 5.6332148178116103e-10 -5.6332148178118843e-10 0 0 
0.30338896685726768 0 0 0 0 0 0 0 0 5.6373021937438554e-10 -5.6373021937440281e-10 0 0 
0.30353143521647546 0 0 0 0 0 0 0 0 5.6414733669371287e-10 -5.6414733669373614e-10 0 0 
0.30367672598016987 0 0 0 0 0 0 0 0 5.6457280946865345e-10 -5.6457280946869398e-10 0 0 
0.30382483183890985 0 0 0 0 0 0 0 0 5.6500662164920968e-10 -5.6500662164925518e-10 0 0 
0.30397574514708342 0 0 0 0 0 0 0 0 5.6544875627980835e-10 -5.6544875627984857e-10 0 0 
0.3041294553003685 0 0 0 0 0 0 0 0 5.658991878110735e-10 -5.6589918781111941e-10 0 0 
0.30428595167385342 0 0 0 0 0 0 0 0 5.6635789070133212e-10 -5.6635789070135011e-10 0 0 
0.3044452261125361 0 0 0 0 0 0 0 0 5.6682484671733168e-10 -5.6682484671734585e-10 0 0 
0.30460727015695027 0 0 0 0 0 0 0 0 5.673000368047606e-10 -5.6730003680479327e-10 0 0 
0.3047720726753122 0 0 0 0 0 0 0 0 5.6778343413969843e-10 -5.6778343413972645e-10 0 0 
0.30493962249179912 0 0 0 0 0 0 0 0 5.6827501182951727e-10 -5.6827501182955283e-10 0 0 
0.30510991064440918 0 0 0 0 0 0 0 0 5.6877474953809382e-10 -5.6877474953812236e-10 0 0 
0.3052829278917657 0 0 0 0 0 0 0 0 5.6928262617299394e-10 -5.6928262617303117e-10 0 0 
0.30545866255853232 0 0 0 0 0 0 0 0 5.6979861355610761e-10 -5.6979861355612891e-10 0 0 
0.30563710290779411 0 0 0 0 0 0 0 0 5.7032268338111388e-10 -5.7032268338116486e-10 0 0 
0.30581823920302886 0 0 0 0 0 0 0 0 5.7085481327015337e-10 -5.7085481327017094e-10 0 0 
0.30600206144869169 0 0 0 0 0 0 0 0 5.7139498013959964e-10 -5.7139498013962362e-10 0 0 
0.30618855741616091 0 0 0 0 0 0 0 0 5.7194315439474872e-10 -5.7194315439475245e-10 0 0 
0.30637771480205561 0 0 0 0 0 0 0 0 5.7249930626553975e-10 -5.7249930626557129e-10 0 0 
0.3065695231235866 0 0 0 0 0 0 0 0 5.7306341137982885e-10 -5.7306341137984932e-10 0 0 
0.3067639716558373 0 0 0 0 0 0 0 0 5.7363544470008682e-10 -5.7363544470011815e-10 0 0 
0.30696104761198062 0 0 0 0 0 0 0 0 5.7421537516533157e-10 -5.7421537516536528e-10 0 0 
0.30716073812053796 0 0 0 0 0 0 0 0 5.748031715015584e-10 -5.7480317150156337e-10 0 0 
0.30736303197774273 0 0 0 0 0 0 0 0 5.7539880738002491e-10 -5.7539880738006192e-10 0 0 
0.30756791775203129 0 0 0 0 0 0 0 0 5.7600225583955595e-10 -5.7600225583955884e-10 0 0 
0.30777538209719352 0 0 0 0 0 0 0 0 5.7661348431308901e-10 -5.7661348431312623e-10 0 0 
0.30798541157500653 0 0 0 0 0 0 0 0 5.7723245999011651e-10 -5.7723245999014805e-10 0 0 
0.30819799428392974 0 0 0 0 0 0 0 0 5.7785915461637428e-10 -5.7785915461639423e-10 0 0 
0.3084131181070271 0 0 0 0 0 0 0 0 5.7849353933181693e-10 -5.7849353933183988e-10 0 0 
0.30863076914050946 0 0 0 0 0 0 0 0 5.7913558003175845e-10 -5.7913558003179877e-10 0 0 
0.30885093338319863 0 0 0 0 0 0 0 0 5.7978524234285985e-10 -5.7978524234289149e-10 0 0 
0.30907359825752045 0 0 0 0 0 0 0 0 5.804424961112497e-10 -5.804424961112741e-10 0 0 
0.30929875098144011 0 0 0 0 0 0 0 0 5.8110731059964792e-10 -5.8110731059968101e-10 0 0 
0.30952637709782327 0 0 0 0 0 0 0 0 5.8177965014034042e-10 -5.817796501403612e-10 0 0 
0.30975646204835283 0 0 0 0 0 0 0 0 5.8245947877635548e-10 -5.8245947877640056e-10 0 0 
0.30998899260014878 0 0 0 0 0 0 0 0 5.8314676447673419e-10 -5.8314676447674908e-10 0 0 
0.3102239553256797 0 0 0 0 0 0 0 0 5.838414746460769e-10 -5.8384147464610243e-10 0 0 
0.31046133522072034 0 0 0 0 0 0 0 0 5.8454357203383355e-10 -5.8454357203382569e-10 0 0 
0.31070111717734966 0 0 0 0 0 0 0 0 5.8525301908325644e-10 -5.8525301908329015e-10 0 0 
0.31094328732742715 0 0 0 0 0 0 0 0 5.8596978190653555e-10 -5.8596978190654186e-10 0 0 
0.31118783161709973 0 0 0 0 0 0 0 0 5.8669382606783469e-10 -5.8669382606784069e-10 0 0 
0.31143473450301623 0 0 0 0 0 0 0 0 5.8742511271865651e-10 -5.8742511271867884e-10 0 0 
0.31168398033666844 0 0 0 0 0 0 0 0 5.8816360269068585e-10 -5.8816360269072048e-10 0 0 
0.31193555463426204 0 0 0 0 0 0 0 0 5.8890926025796847e-10 -5.88909260258012e-10 0 0 
0.31218944273455362 0 0 0 0 0 0 0 0 5.8966204916124283e-10 -5.8966204916126909e-10 0 0 
0.31244562856450336 0 0 0 0 0 0 0 0 5.9042192894341928e-10 -5.9042192894344172e-10 0 0 
0.31270409594532783 0 0 0 0 0 0 0 0 5.9118885881631529e-10 -5.9118885881636182e-10 0 0 
0.31296482979693069 0 0 0 0 0 0 0 0 5.9196280123427151e-10 -5.9196280123429208e-10 0 0 
0.31322781486950368 0 0 0 0 0 0 0 0 5.927437181311955e-10 -5.9274371813124244e-10 0 0 
0.31349303457104072 0 0 0 0 0 0 0 0 5.9353156743479947e-10 -5.9353156743481136e-10 0 0 
0.31376047220394265 0 0 0 0 0 0 0 0 5.9432630673248547e-10 -5.9432630673251235e-10 0 0 
0.31403011211104542 0 0 0 0 0 0 0 0 5.9512789667702869e-10 -5.9512789667706901e-10 0 0 
0.31430193847279941 0 0 0 0 0 0 0 0 5.9593629741288156e-10 -5.959362974128921e-10 0 0 
0.31457593419009189 0 0 0 0 0 0 0 0 5.9675146524919358e-10 -5.9675146524923722e-10 0 0 
0.31485208205899384 0 0 0 0 0 0 0 0 5.9757335614816597e-10 -5.9757335614818417e-10 0 0 
0.31513036586449461 0 0 0 0 0 0 0 0 5.9840192897960389e-10 -5.9840192897963925e-10 0 0 
0.31541076923620442 0 0 0 0 0 0 0 0 5.992371421163184e-10 -5.9923714211634736e-10 0 0 
0.31569327458077889 0 0 0 0 0 0 0 0 6.0007895024968027e-10 -6.000789502497301e-10 0 0 
0.31597786420137325 0 0 0 0 0 0 0 0 6.00927307718703e-10 -6.0092730771873092e-10 0 0 
0.31626452134441668 0 0 0 0 0 0 0 0 6.0178217163000025e-10 -6.0178217162999674e-10 0 0 
0.31655322910771699 0 0 0 0 0 0 0 0 6.0264349860364404e-10 -6.0264349860369098e-10 0 0 
0.31684396941748982 0 0 0 0 0 0 0 0 6.0351124171735543e-10 -6.0351124171736019e-10 0 0 
0.31713672409823351 0 0 0 0 0 0 0 0 6.0438535369237604e-10 -6.0438535369241823e-10 0 0 
0.3174314758772282 0 0 0 0 0 0 0 0 6.0526578989300189e-10 -6.0526578989301244e-10 0 0 
0.31772820733969809 0 0 0 0 0 0 0 0 6.0615250520724691e-10 -6.0615250520726904e-10 0 0 
0.31802689994604366 0 0 0 0 0 0 0 0 6.070454511062032e-10 -6.0704545110623504e-10 0 0 
0.31832753505713929 0 0 0 0 0 0 0 0 6.079445787025182e-10 -6.0794457870255915e-10 0 0 
0.31863009490069605 0 0 0 0 0 0 0 0 6.0884984164028399e-10 -6.0884984164032514e-10 0 0 
0.31893456156878719 0 0 0 0 0 0 0 0 6.0976119309776709e-10 -6.0976119309778529e-10 0 0 
0.31924091607138455 0 0 0 0 0 0 0 0 6.1067858295020716e-10 -6.1067858295022453e-10 0 0 
0.31954913932148515 0 0 0 0 0 0 0 0 6.1160196071356454e-10 -6.1160196071360456e-10 0 0 
0.31985921306701176 0 0 0 0 0 0 0 0 6.1253127833608388e-10 -6.1253127833610166e-10 0 0 
0.3201711189265562 0 0 0 0 0 0 0 0 6.1346648731021837e-10 -6.1346648731023264e-10 0 0 
0.32048483747574891 0 0 0 0 0 0 0 0 6.1440753592957589e-10 -6.1440753592958302e-10 0 0 
0.32080034919611577 0 0 0 0 0 0 0 0 6.153543721287164e-10 -6.1535437212873853e-10 0 0 
0.32111763537579568 0 0 0 0 0 0 0 0 6.1630694618610633e-10 -6.1630694618612049e-10 0 0 
0.32143667717982172 0 0 0 0 0 0 0 0 6.1726520793486879e-10 -6.172652079348996e-10 0 0 
0.32175745476621653 0 0 0 0 0 0 0 0 6.1822910410421084e-10 -6.1822910410425613e-10 0 0 
0.32207994820205293 0 0 0 0 0 0 0 0 6.1919858106595309e-10 -6.1919858106597481e-10 0 0 
0.32240413833593007 0 0 0 0 0 0 0 0 6.2017358745715106e-10 -6.2017358745716202e-10 0 0 
0.32273000589950696 0 0 0 0 0 0 0 0 6.2115407148018698e-10 -6.2115407148020228e-10 0 0 
0.32305753065053078 0 0 0 0 0 0 0 0 6.2213997832057913e-10 -6.2213997832061015e-10 0 0 
0.32338669225920808 0 0 0 0 0 0 0 0 6.2313125280917865e-10 -6.2313125280923128e-10 0 0 
0.32371747115509103 0 0 0 0 0 0 0 0 6.2412784197256881e-10 -6.2412784197256777e-10 0 0 
0.32404984765691663 0 0 0 0 0 0 0 0 6.2512969241333041e-10 -6.2512969241336267e-10 0 0 
0.32438380114004395 0 0 0 0 0 0 0 0 6.2613674779740401e-10 -6.2613674779743978e-10 0 0 
0.32471931089592931 0 0 0 0 0 0 0 0 6.2714895143980435e-10 -6.2714895143985388e-10 0 0 
0.3250563569558238 0 0 0 0 0 0 0 0 6.281662487897884e-10 -6.2816624878981021e-10 0 0 
0.32539491924626252 0 0 0 0 0 0 0 0 6.2918858488401954e-10 -6.2918858488405345e-10 0 0 
0.3257349767786189 0 0 0 0 0 0 0 0 6.3021590189608083e-10 -6.3021590189610926e-10 0 0 
0.32607650848420761 0 0 0 0 0 0 0 0 6.3124814165357753e-10 -6.3124814165361971e-10 0 0 
0.32641949401697845 0 0 0 0 0 0 0 0 6.3228524806444413e-10 -6.3228524806444982e-10 0 0 
0.32676391293224999 0 0 0 0 0 0 0 0 6.3332716463567865e-10 -6.3332716463569333e-10 0 0 
0.32710974389629088 0 0 0 0 0 0 0 0 6.3437383207925646e-10 -6.343738320792759e-10 0 0 
0.32745696549934095 0 0 0 0 0 0 0 0 6.3542519076713436e-10 -6.35425190767163e-10 0 0 
0.32780555703929937 0 0 0 0 0 0 0 0 6.3648118310447495e-10 -6.3648118310450453e-10 0 0 
0.32815549772151353 0 0 0 0 0 0 0 0 6.3754175110786904e-10 -6.3754175110790895e-10 0 0 
0.32850676588647182 0 0 0 0 0 0 0 0 6.3860683406164569e-10 -6.3860683406169573e-10 0 0 
0.32885933980283194 0 0 0 0 0 0 0 0 6.3967637091717204e-10 -6.3967637091719065e-10 0 0 
0.3292131984339382 0 0 0 0 0 0 0 0 6.4075030261825595e-10 -6.40750302618288e-10 0 0 
0.32956832065666469 0 0 0 0 0 0 0 0 6.418285697330567e-10 -6.4182856973309537e-10 0 0 
0.32992468450545465 0 0 0 0 0 0 0 0 6.4291111015562595e-10 -6.4291111015565408e-10 0 0 
0.3302822679472715 0 0 0 0 0 0 0 0 6.4399786145496399e-10 -6.4399786145499346e-10 0 0 
0.33064104963263763 0 0 0 0 0 0 0 0 6.4508876315798362e-10 -6.450887631580194e-10 0 0 
0.33100100813169403 0 0 0 0 0 0 0 0 6.4618375442918997e-10 -6.4618375442923174e-10 0 0 
0.33136212119295427 0 0 0 0 0 0 0 0 6.4728277181300785e-10 -6.4728277181304662e-10 0 0 
0.33172436650193982 0 0 0 0 0 0 0 0 6.483857515377554e-10 -6.483857515377707e-10 0 0 
0.33208772241831169 0 0 0 0 0 0 0 0 6.4949263176052875e-10 -6.4949263176053557e-10 0 0 
0.33245216722744925 0 0 0 0 0 0 0 0 6.5060335029000812e-10 -6.5060335029003789e-10 0 0 
0.33281767841240123 0 0 0 0 0 0 0 0 6.5171784236493914e-10 -6.5171784236495486e-10 0 0 
0.33318423339783604 0 0 0 0 0 0 0 0 6.5283604291772796e-10 -6.5283604291774543e-10 0 0 
0.33355181027472963 0 0 0 0 0 0 0 0 6.5395788878586719e-10 -6.5395788878586408e-10 0 0 
0.3339203870658895 0 0 0 0 0 0 0 0 6.5508331647289368e-10 -6.5508331647292201e-10 0 0 
0.33428994100968523 0 0 0 0 0 0 0 0 6.5621225995903108e-10 -6.5621225995905537e-10 0 0 
0.33466044929082917 0 0 0 0 0 0 0 0 6.5734465292885957e-10 -6.5734465292888035e-10 0 0 
0.33503188975399084 0 0 0 0 0 0 0 0 6.5848043095321465e-10 -6.5848043095322891e-10 0 0 
0.33540424018180082 0 0 0 0 0 0 0 0 6.5961952928426793e-10 -6.5961952928430391e-10 0 0 
0.33577747758902715 0 0 0 0 0 0 0 0 6.6076188069399833e-10 -6.6076188069401798e-10 0 0 
0.33615157894160369 0 0 0 0 0 0 0 0 6.6190741767033589e-10 -6.6190741767037622e-10 0 0 
0.3365265218604615 0 0 0 0 0 0 0 0 6.6305607457351723e-10 -6.6305607457355518e-10 0 0 
0.33690228391063765 0 0 0 0 0 0 0 0 6.6420778546087534e-10 -6.6420778546089478e-10 0 0 
0.3372788419046418 0 0 0 0 0 0 0 0 6.653624819495749e-10 -6.653624819495777e-10 0 0 
0.33765617261106029 0 0 0 0 0 0 0 0 6.6652009538533857e-10 -6.6652009538534871e-10 0 0 
0.33803425344982685 0 0 0 0 0 0 0 0 6.6768055897647517e-10 -6.6768055897651353e-10 0 0 
0.33841306179114261 0 0 0 0 0 0 0 0 6.6884380564502948e-10 -6.688438056450423e-10 0 0 
0.3387925742668389 0 0 0 0 0 0 0 0 6.700097659099075e-10 -6.7000976590995175e-10 0 0 
0.33917276746981306 0 0 0 0 0 0 0 0 6.711783700320325e-10 -6.711783700320418e-10 0 0 
0.33955361864189998 0 0 0 0 0 0 0 0 6.7234955012941708e-10 -6.7234955012944045e-10 0 0 
0.33993510498137897 0 0 0 0 0 0 0 0 6.7352323805106541e-10 -6.7352323805108744e-10 0 0 
0.34031720296119455 0 0 0 0 0 0 0 0 6.7469936327728421e-10 -6.7469936327731233e-10 0 0 
0.34069988902041393 0 0 0 0 0 0 0 0 6.7587785504434082e-10 -6.7587785504436615e-10 0 0 
0.34108314024581227 0 0 0 0 0 0 0 0 6.7705864444457262e-10 -6.7705864444461842e-10 0 0 
0.3414669336868012 0 0 0 0 0 0 0 0 6.782416623190245e-10 -6.7824166231905077e-10 0 0 
0.34185124567941388 0 0 0 0 0 0 0 0 6.7942683717178675e-10 -6.7942683717177683e-10 0 0 
0.34223605253092126 0 0 0 0 0 0 0 0 6.8061409727768145e-10 -6.8061409727769675e-10 0 0 
0.3426213311962012 0 0 0 0 0 0 0 0 6.8180337277056824e-10 -6.8180337277059574e-10 0 0 
0.34300705859897329 0 0 0 0 0 0 0 0 6.8299459355128935e-10 -6.829945935513212e-10 0 0 
0.34339321096049341 0 0 0 0 0 0 0 0 6.8418768721298733e-10 -6.8418768721302207e-10 0 0 
0.34377976447841885 0 0 0 0 0 0 0 0 6.8538258113512122e-10 -6.8538258113517716e-10 0 0 
0.34416669599899785 0 0 0 0 0 0 0 0 6.8657920456279616e-10 -6.865792045628245e-10 0 0 
0.3445539823435374 0 0 0 0 0 0 0 0 6.8777748652711742e-10 -6.8777748652714761e-10 0 0 
0.34494159964078214 0 0 0 0 0 0 0 0 6.8897735377823184e-10 -6.8897735377825458e-10 0 0 
0.34532952400108186 0 0 0 0 0 0 0 0 6.9017873286882647e-10 -6.9017873286882317e-10 0 0 
0.34571773218540963 0 0 0 0 0 0 0 0 6.9138155222754406e-10 -6.9138155222758997e-10 0 0 
0.34610620093602407 0 0 0 0 0 0 0 0 6.9258574008897902e-10 -6.9258574008896475e-10 0 0 
0.34649490631153163 0 0 0 0 0 0 0 0 6.9379122243056724e-10 -6.9379122243059878e-10 0 0 
0.34688382435737786 0 0 0 0 0 0 0 0 6.9499792504953689e-10 -6.9499792504954764e-10 0 0 
0.3472729317726837 0 0 0 0 0 0 0 0 6.9620577563302635e-10 -6.9620577563304227e-10 0 0 
0.34766220524408964 0 0 0 0 0 0 0 0 6.9741470169416166e-10 -6.9741470169418772e-10 0 0 
0.34805162078251767 0 0 0 0 0 0 0 0 6.9862462851109781e-10 -6.9862462851112521e-10 0 0 
0.34844115439098466 0 0 0 0 0 0 0 0 6.9983548119886353e-10 -6.9983548119890882e-10 0 0 
0.3488307827302316 0 0 0 0 0 0 0 0 7.0104718678040447e-10 -7.0104718678043197e-10 0 0 
0.34922048245475812 0 0 0 0 0 0 0 0 7.0225967212521786e-10 -7.0225967212523347e-10 0 0 
0.34961022955031085 0 0 0 0 0 0 0 0 7.0347286188729484e-10 -7.0347286188726786e-10 0 0 
0.34999999999999998 0 0 0 0 0 0 0 0 7.046866805754233e-10 -7.0468668057545101e-10 0 0 
0.35038977044968911 0 0 0 0 0 0 0 0 7.0590105462771667e-10 -7.0590105462774438e-10 0 0 
0.35077951754524184 0 0 0 0 0 0 0 0 7.0711591035006006e-10 -7.0711591035008301e-10 0 0 
0.35116921726976835 0 0 0 0 0 0 0 0 7.0833117184969477e-10 -7.0833117184971659e-10 0 0 
0.35155884560901529 0 0 0 0 0 0 0 0 7.095467631074042e-10 -7.0954676310742343e-10 0 0 
0.35194837921748229 0 0 0 0 0 0 0 0 7.1076261005774897e-10 -7.1076261005775662e-10 0 0 
0.35233779475591032 0 0 0 0 0 0 0 0 7.119786385250468e-10 -7.1197863852507089e-10 0 0 
0.35272706822731625 0 0 0 0 0 0 0 0 7.1319477214942329e-10 -7.1319477214942515e-10 0 0 
0.3531161756426221 0 0 0 0 0 0 0 0 7.1441093446343745e-10 -7.144109344634542e-10 0 0 
0.35350509368846833 0 0 0 0 0 0 0 0 7.1562705098176188e-10 -7.1562705098180076e-10 0 0 
0.35389379906397589 0 0 0 0 0 0 0 0 7.1684304713115661e-10 -7.168430471311685e-10 0 0 
0.35428226781459032 0 0 0 0 0 0 0 0 7.1805884616581101e-10 -7.1805884616583789e-10 0 0 
0.3546704759989181 0 0 0 0 0 0 0 0 7.1927437125211608e-10 -7.1927437125211835e-10 0 0 
0.35505840035921782 0 0 0 0 0 0 0 0 7.2048954757003093e-10 -7.2048954757004396e-10 0 0 
0.35544601765646255 0 0 0 0 0 0 0 0 7.2170430023442508e-10 -7.2170430023445114e-10 0 0 
0.3558333040010021 0 0 0 0 0 0 0 0 7.2291855219689511e-10 -7.2291855219692385e-10 0 0 
0.35622023552158111 0 0 0 0 0 0 0 0 7.2413222634093251e-10 -7.2413222634097201e-10 0 0 
0.35660678903950654 0 0 0 0 0 0 0 0 7.2534524759891732e-10 -7.2534524759893117e-10 0 0 
0.35699294140102666 0 0 0 0 0 0 0 0 7.2655754086122098e-10 -7.2655754086123504e-10 0 0 
0.35737866880379876 0 0 0 0 0 0 0 0 7.2776902886138411e-10 -7.2776902886142299e-10 0 0 
0.35776394746907869 0 0 0 0 0 0 0 0 7.2897963428510484e-10 -7.2897963428513586e-10 0 0 
0.35814875432058607 0 0 0 0 0 0 0 0 7.3018928190556774e-10 -7.30189281905609e-10 0 0 
0.35853306631319876 0 0 0 0 0 0 0 0 7.313978964777011e-10 -7.3139789647770803e-10 0 0 
0.35891685975418769 0 0 0 0 0 0 0 0 7.32605400602964e-10 -7.3260540060296731e-10 0 0 
0.35930011097958603 0 0 0 0 0 0 0 0 7.3381171685544807e-10 -7.3381171685547361e-10 0 0 
0.3596827970388054 0 0 0 0 0 0 0 0 7.3501676993920956e-10 -7.3501676993923655e-10 0 0 
0.36006489501862099 0 0 0 0 0 0 0 0 7.3622048456379846e-10 -7.3622048456383165e-10 0 0 
0.36044638135809998 0 0 0 0 0 0 0 0 7.3742278328592215e-10 -7.3742278328596475e-10 0 0 
0.36082723253018689 0 0 0 0 0 0 0 0 7.3862358865559591e-10 -7.3862358865561349e-10 0 0 
0.36120742573316106 0 0 0 0 0 0 0 0 7.3982282539863789e-10 -7.398228253986627e-10 0 0 
0.36158693820885734 0 0 0 0 0 0 0 0 7.4102041827081284e-10 -7.4102041827081708e-10 0 0 
0.36196574655017311 0 0 0 0 0 0 0 0 7.422162898722202e-10 -7.4221628987223468e-10 0 0 
0.36234382738893967 0 0 0 0 0 0 0 0 7.4341036281711058e-10 -7.4341036281713829e-10 0 0 
0.36272115809535815 0 0 0 0 0 0 0 0 7.4460256194541436e-10 -7.4460256194545324e-10 0 0 
0.36309771608936231 0 0 0 0 0 0 0 0 7.4579281215145714e-10 -7.4579281215147865e-10 0 0 
0.36347347813953845 0 0 0 0 0 0 0 0 7.4698103616784088e-10 -7.469810361678628e-10 0 0 
0.36384842105839627 0 0 0 0 0 0 0 0 7.481671567622123e-10 -7.4816715676222853e-10 0 0 
0.3642225224109728 0 0 0 0 0 0 0 0 7.4935109898157445e-10 -7.4935109898159719e-10 0 0 
0.36459575981819914 0 0 0 0 0 0 0 0 7.5053278795217099e-10 -7.505327879522169e-10 0 0 
0.36496811024600911 0 0 0 0 0 0 0 0 7.5171214662883404e-10 -7.5171214662885327e-10 0 0 
0.36533955070917079 0 0 0 0 0 0 0 0 7.5288909802226843e-10 -7.5288909802232065e-10 0 0 
0.36571005899031472 0 0 0 0 0 0 0 0 7.5406356748043759e-10 -7.5406356748048267e-10 0 0 
0.36607961293411045 0 0 0 0 0 0 0 0 7.5523548045556176e-10 -7.5523548045556765e-10 0 0 
0.36644818972527032 0 0 0 0 0 0 0 0 7.5640476021461728e-10 -7.5640476021463186e-10 0 0 
0.36681576660216392 0 0 0 0 0 0 0 0 7.5757133010171099e-10 -7.5757133010173032e-10 0 0 
0.36718232158759873 0 0 0 0 0 0 0 0 7.5873511585996991e-10 -7.5873511585998821e-10 0 0 
0.36754783277255071 0 0 0 0 0 0 0 0 7.5989604336215291e-10 -7.5989604336216604e-10 0 0 
0.36791227758168826 0 0 0 0 0 0 0 0 7.6105403627794261e-10 -7.6105403627797777e-10 0 0 
0.36827563349806014 0 0 0 0 0 0 0 0 7.6220901837499766e-10 -7.6220901837501545e-10 0 0 
0.36863787880704568 0 0 0 0 0 0 0 0 7.6336091588642616e-10 -7.6336091588644643e-10 0 0 
0.36899899186830593 0 0 0 0 0 0 0 0 7.6450965520049606e-10 -7.6450965520052522e-10 0 0 
0.36935895036736233 0 0 0 0 0 0 0 0 7.6565516048002115e-10 -7.6565516048003583e-10 0 0 
0.36971773205272845 0 0 0 0 0 0 0 0 7.6679735600641575e-10 -7.6679735600644149e-10 0 0 
0.37007531549454531 0 0 0 0 0 0 0 0 7.6793616859790574e-10 -7.6793616859792766e-10 0 0 
0.37043167934333526 0 0 0 0 0 0 0 0 7.6907152525342124e-10 -7.690715252534687e-10 0 0 
0.37078680156606175 0 0 0 0 0 0 0 0 7.7020335071919955e-10 -7.7020335071920285e-10 0 0 
0.37114066019716802 0 0 0 0 0 0 0 0 7.7133156988046871e-10 -7.7133156988051069e-10 0 0 
0.37149323411352814 0 0 0 0 0 0 0 0 7.7245611023569031e-10 -7.7245611023573125e-10 0 0 
0.37184450227848642 0 0 0 0 0 0 0 0 7.7357689948982082e-10 -7.7357689948985432e-10 0 0 
0.37219444296070059 0 0 0 0 0 0 0 0 7.746938630622745e-10 -7.7469386306230035e-10 0 0 
0.37254303450065901 0 0 0 0 0 0 0 0 7.7580692653200248e-10 -7.7580692653201737e-10 0 0 
0.37289025610370907 0 0 0 0 0 0 0 0 7.7691601817259414e-10 -7.7691601817260778e-10 0 0 
0.37323608706774997 0 0 0 0 0 0 0 0 7.7802106649021411e-10 -7.7802106649024617e-10 0 0 
0.3735805059830215 0 0 0 0 0 0 0 0 7.7912199766701909e-10 -7.7912199766704731e-10 0 0 
0.37392349151579235 0 0 0 0 0 0 0 0 7.8021873806452495e-10 -7.8021873806456362e-10 0 0 
0.37426502322138105 0 0 0 0 0 0 0 0 7.8131121682651798e-10 -7.8131121682653742e-10 0 0 
0.37460508075373744 0 0 0 0 0 0 0 0 7.8239936335532927e-10 -7.8239936335535822e-10 0 0 
0.37494364304417616 0 0 0 0 0 0 0 0 7.8348310468443385e-10 -7.8348310468446735e-10 0 0 
0.37528068910407064 0 0 0 0 0 0 0 0 7.8456236804620502e-10 -7.8456236804623128e-10 0 0 
0.37561619885995601 0 0 0 0 0 0 0 0 7.8563708354903187e-10 -7.8563708354906206e-10 0 0 
0.37595015234308332 0 0 0 0 0 0 0 0 7.8670718158623806e-10 -7.8670718158627921e-10 0 0 
0.37628252884490893 0 0 0 0 0 0 0 0 7.8777259013028634e-10 -7.8777259013030961e-10 0 0 
0.37661330774079188 0 0 0 0 0 0 0 0 7.8883323737149217e-10 -7.8883323737150396e-10 0 0 
0.37694246934946918 0 0 0 0 0 0 0 0 7.8988905447706187e-10 -7.8988905447706136e-10 0 0 
0.377269994100493 0 0 0 0 0 0 0 0 7.9093997292540823e-10 -7.909399729254318e-10 0 0 
0.37759586166406989 0 0 0 0 0 0 0 0 7.9198592171453768e-10 -7.9198592171456074e-10 0 0 
0.37792005179794702 0 0 0 0 0 0 0 0 7.9302683007866761e-10 -7.9302683007867598e-10 0 0 
0.37824254523378342 0 0 0 0 0 0 0 0 7.940626303372624e-10 -7.9406263033730355e-10 0 0 
0.37856332282017824 0 0 0 0 0 0 0 0 7.9509325514762746e-10 -7.9509325514763407e-10 0 0 
0.37888236462420427 0 0 0 0 0 0 0 0 7.9611863461829312e-10 -7.9611863461832951e-10 0 0 
0.37919965080388418 0 0 0 0 0 0 0 0 7.9713869911189898e-10 -7.9713869911191273e-10 0 0 
0.37951516252425105 0 0 0 0 0 0 0 0 7.9815338219297899e-10 -7.981533821930278e-10 0 0 
0.37982888107344376 0 0 0 0 0 0 0 0 7.9916261779066949e-10 -7.9916261779067921e-10 0 0 
0.3801407869329882 0 0 0 0 0 0 0 0 8.0016633720769485e-10 -8.0016633720771636e-10 0 0 
0.3804508606785148 0 0 0 0 0 0 0 0 8.0116447201768977e-10 -8.0116447201772555e-10 0 0 
0.3807590839286154 0 0 0 0 0 0 0 0 8.0215695712247476e-10 -8.0215695712249937e-10 0 0 
0.38106543843121277 0 0 0 0 0 0 0 0 8.0314372781508746e-10 -8.0314372781512116e-10 0 0 
0.38136990509930391 0 0 0 0 0 0 0 0 8.0412471667432122e-10 -8.0412471667434418e-10 0 0 
0.38167246494286067 0 0 0 0 0 0 0 0 8.0509985656556144e-10 -8.050998565655908e-10 0 0 
0.38197310005395629 0 0 0 0 0 0 0 0 8.0606908381900472e-10 -8.0606908381902995e-10 0 0 
0.38227179266030187 0 0 0 0 0 0 0 0 8.070323351831986e-10 -8.0703233518324223e-10 0 0 
0.38256852412277176 0 0 0 0 0 0 0 0 8.0798954459253947e-10 -8.0798954459255167e-10 0 0 
0.38286327590176644 0 0 0 0 0 0 0 0 8.0894064628281938e-10 -8.0894064628282931e-10 0 0 
0.38315603058251013 0 0 0 0 0 0 0 0 8.0988557810287506e-10 -8.0988557810288995e-10 0 0 
0.38344677089228296 0 0 0 0 0 0 0 0 8.1082427834737021e-10 -8.1082427834738055e-10 0 0 
0.38373547865558327 0 0 0 0 0 0 0 0 8.1175668238359786e-10 -8.1175668238362515e-10 0 0 
0.38402213579862671 0 0 0 0 0 0 0 0 8.1268272589402215e-10 -8.1268272589404635e-10 0 0 
0.38430672541922106 0 0 0 0 0 0 0 0 8.1360234833539237e-10 -8.1360234833542298e-10 0 0 
0.38458923076379553 0 0 0 0 0 0 0 0 8.1451548963820916e-10 -8.1451548963823201e-10 0 0 
0.38486963413550535 0 0 0 0 0 0 0 0 8.1542208667756069e-10 -8.1542208667757103e-10 0 0 
0.38514791794100611 0 0 0 0 0 0 0 0 8.1632207665579739e-10 -8.1632207665584857e-10 0 0 
0.38542406580990807 0 0 0 0 0 0 0 0 8.172154007260985e-10 -8.1721540072613458e-10 0 0 
0.38569806152720054 0 0 0 0 0 0 0 0 8.1810200054364845e-10 -8.181020005436714e-10 0 0 
0.38596988788895453 0 0 0 0 0 0 0 0 8.1898181456327647e-10 -8.1898181456331514e-10 0 0 
0.3862395277960573 0 0 0 0 0 0 0 0 8.1985478157771344e-10 -8.1985478157774446e-10 0 0 
0.38650696542895924 0 0 0 0 0 0 0 0 8.2072084452375942e-10 -8.2072084452378961e-10 0 0 
0.38677218513049627 0 0 0 0 0 0 0 0 8.2157994686956574e-10 -8.2157994686959696e-10 0 0 
0.38703517020306927 0 0 0 0 0 0 0 0 8.2243202871851398e-10 -8.2243202871854417e-10 0 0 
0.38729590405467212 0 0 0 0 0 0 0 0 8.2327703052052706e-10 -8.23277030520574e-10 0 0 
0.38755437143549659 0 0 0 0 0 0 0 0 8.2411489708279482e-10 -8.2411489708281302e-10 0 0 
0.38781055726544633 0 0 0 0 0 0 0 0 8.2494557377376344e-10 -8.2494557377379332e-10 0 0 
0.38806444536573792 0 0 0 0 0 0 0 0 8.2576900241071659e-10 -8.2576900241075144e-10 0 0 
0.38831601966333151 0 0 0 0 0 0 0 0 8.2658512516396595e-10 -8.2658512516400141e-10 0 0 
0.38856526549698372 0 0 0 0 0 0 0 0 8.2739388879677391e-10 -8.2739388879678818e-10 0 0 
0.38881216838290023 0 0 0 0 0 0 0 0 8.2819524066503252e-10 -8.2819524066505072e-10 0 0 
0.3890567126725728 0 0 0 0 0 0 0 0 8.2898912436128047e-10 -8.2898912436130787e-10 0 0 
0.38929888282265029 0 0 0 0 0 0 0 0 8.2977548383506505e-10 -8.2977548383508036e-10 0 0 
0.38953866477927962 0 0 0 0 0 0 0 0 8.3055426789099073e-10 -8.3055426789101016e-10 0 0 
0.38977604467432025 0 0 0 0 0 0 0 0 8.3132542595924832e-10 -8.3132542595927324e-10 0 0 
0.39001100739985117 0 0 0 0 0 0 0 0 8.3208890346470434e-10 -8.3208890346471117e-10 0 0 
0.39024353795164712 0 0 0 0 0 0 0 0 8.3284464619010539e-10 -8.3284464619012606e-10 0 0 
0.39047362290217669 0 0 0 0 0 0 0 0 8.3359260506645087e-10 -8.3359260506649037e-10 0 0 
0.39070124901855985 0 0 0 0 0 0 0 0 8.3433273168525054e-10 -8.3433273168525592e-10 0 0 
0.3909264017424795 0 0 0 0 0 0 0 0 8.3506497335575265e-10 -8.3506497335578202e-10 0 0 
0.39114906661680132 0 0 0 0 0 0 0 0 8.3578927774256989e-10 -8.3578927774259409e-10 0 0 
0.39136923085949049 0 0 0 0 0 0 0 0 8.3650559798810121e-10 -8.3650559798813305e-10 0 0 
0.39158688189297286 0 0 0 0 0 0 0 0 8.3721388793290678e-10 -8.3721388793293738e-10 0 0 
0.39180200571607021 0 0 0 0 0 0 0 0 8.3791409681738074e-10 -8.3791409681735964e-10 0 0 
0.39201458842499343 0 0 0 0 0 0 0 0 8.3860617422988191e-10 -8.3860617422991706e-10 0 0 
0.39222461790280644 0 0 0 0 0 0 0 0 8.3929007561019741e-10 -8.3929007561022419e-10 0 0 
0.39243208224796866 0 0 0 0 0 0 0 0 8.3996575713714866e-10 -8.3996575713713636e-10 0 0 
0.39263696802225723 0 0 0 0 0 0 0 0 8.4063317002218631e-10 -8.4063317002223408e-10 0 0 
0.392839261879462 0 0 0 0 0 0 0 0 8.4129226581263646e-10 -8.4129226581267358e-10 0 0 
0.39303895238801934 0 0 0 0 0 0 0 0 8.4194300233244999e-10 -8.4194300233248763e-10 0 0 
0.39323602834416266 0 0 0 0 0 0 0 0 8.425853381905753e-10 -8.425853381905846e-10 0 0 
0.39343047687641336 0 0 0 0 0 0 0 0 8.4321922660237796e-10 -8.4321922660239285e-10 0 0 
0.39362228519794434 0 0 0 0 0 0 0 0 8.4384462109974196e-10 -8.4384462109976843e-10 0 0 
0.39381144258383904 0 0 0 0 0 0 0 0 8.4446148198062874e-10 -8.4446148198066141e-10 0 0 
0.39399793855130827 0 0 0 0 0 0 0 0 8.4506977037973346e-10 -8.4506977037977678e-10 0 0 
0.39418176079697109 0 0 0 0 0 0 0 0 8.4566944154014705e-10 -8.4566944154019616e-10 0 0 
0.39436289709220584 0 0 0 0 0 0 0 0 8.4626045099366174e-10 -8.462604509937062e-10 0 0 
0.39454133744146763 0 0 0 0 0 0 0 0 8.4684276160566555e-10 -8.4684276160566845e-10 0 0 
0.39471707210823426 0 0 0 0 0 0 0 0 8.4741633713816817e-10 -8.4741633713818461e-10 0 0 
0.39489008935559078 0 0 0 0 0 0 0 0 8.4798113487509572e-10 -8.479811348751348e-10 0 0 
0.39506037750820083 0 0 0 0 0 0 0 0 8.4853711235026641e-10 -8.4853711235027923e-10 0 0 
0.39522792732468776 0 0 0 0 0 0 0 0 8.4908423509566951e-10 -8.4908423509571294e-10 0 0 
0.39539272984304968 0 0 0 0 0 0 0 0 8.496224696112992e-10 -8.4962246961129713e-10 0 0 
0.39555477388746385 0 0 0 0 0 0 0 0 8.5015177522157e-10 -8.5015177522156834e-10 0 0 
0.39571404832614654 0 0 0 0 0 0 0 0 8.5067211144759545e-10 -8.5067211144761778e-10 0 0 
0.39587054469963145 0 0 0 0 0 0 0 0 8.5118344659614476e-10 -8.5118344659619212e-10 0 0 
0.39602425485291654 0 0 0 0 0 0 0 0 8.516857500282516e-10 -8.5168575002826773e-10 0 0 
0.39617516816109011 0 0 0 0 0 0 0 0 8.5217898309204048e-10 -8.521789830920717e-10 0 0 
0.39632327401983009 0 0 0 0 0 0 0 0 8.5266310725942079e-10 -8.5266310725943754e-10 0 0 
0.39646856478352449 0 0 0 0 0 0 0 0 8.5313809373252656e-10 -8.5313809373257309e-10 0 0 
0.39661103314273227 0 0 0 0 0 0 0 0 8.5360391487570784e-10 -8.5360391487572459e-10 0 0 
0.39675066900692924 0 0 0 0 0 0 0 0 8.5406053402204613e-10 -8.5406053402207115e-10 0 0 
0.39688746227451183 0 0 0 0 0 0 0 0 8.5450791452818682e-10 -8.5450791452820047e-10 0 0 
0.39702140615171239 0 0 0 0 0 0 0 0 8.5494603063128204e-10 -8.5494603063130096e-10 0 0 
0.39715249422210452 0 0 0 0 0 0 0 0 8.5537485786915736e-10 -8.5537485786919903e-10 0 0 
0.39728071690440825 0 0 0 0 0 0 0 0 8.5579436149190149e-10 -8.5579436149190045e-10 0 0 
0.39740606456282845 0 0 0 0 0 0 0 0 8.5620450663378439e-10 -8.5620450663380952e-10 0 0 
0.39752853130226484 0 0 0 0 0 0 0 0 8.5660527073445121e-10 -8.5660527073447385e-10 0 0 
0.39764811166004566 0 0 0 0 0 0 0 0 8.5699663271809349e-10 -8.5699663271811934e-10 0 0 
0.39776479652689145 0 0 0 0 0 0 0 0 8.5737855964264928e-10 -8.5737855964269095e-10 0 0 
0.39787857667814808 0 0 0 0 0 0 0 0 8.5775101825400997e-10 -8.5775101825402196e-10 0 0 
0.39798944717738705 0 0 0 0 0 0 0 0 8.5811398940358689e-10 -8.5811398940362195e-10 0 0 
0.39809740359686391 0 0 0 0 0 0 0 0 8.5846745568077003e-10 -8.5846745568079257e-10 0 0 
0.3982024372444356 0 0 0 0 0 0 0 0 8.5881138578356061e-10 -8.588113857835998e-10 0 0 
0.3983045392248814 0 0 0 0 0 0 0 0 8.5914574781313129e-10 -8.5914574781316376e-10 0 0 
0.39840370564067612 0 0 0 0 0 0 0 0 8.5947052630764216e-10 -8.5947052630767773e-10 0 0 
0.39849993321278865 0 0 0 0 0 0 0 0 8.5978570790607986e-10 -8.59785707906072e-10 0 0 
0.39859321358459887 0 0 0 0 0 0 0 0 8.6009126268980286e-10 -8.6009126268982147e-10 0 0 
0.39868353806532686 0 0 0 0 0 0 0 0 8.6038715971597505e-10 -8.6038715971599408e-10 0 0 
0.39877090390875702 0 0 0 0 0 0 0 0 8.6067338758866397e-10 -8.6067338758865673e-10 0 0 
0.39885530915295808 0 0 0 0 0 0 0 0 8.6094993755881956e-10 -8.6094993755881905e-10 0 0 
0.39893674565259918 0 0 0 0 0 0 0 0 8.6121678069361801e-10 -8.6121678069364758e-10 0 0 
0.3990152047227491 0 0 0 0 0 0 0 0 8.6147388636426874e-10 -8.6147388636431341e-10 0 0 
0.39909068493447819 0 0 0 0 0 0 0 0 8.6172124779437706e-10 -8.6172124779438006e-10 0 0 
0.39916318590857791 0 0 0 0 0 0 0 0 8.6195886172716995e-10 -8.6195886172720087e-10 0 0 
0.3992326995148483 0 0 0 0 0 0 0 0 8.6218669958079901e-10 -8.621866995808201e-10 0 0 
0.39929921674067714 0 0 0 0 0 0 0 0 8.6240472995479625e-10 -8.6240472995482065e-10 0 0 
0.39936273773490499 0 0 0 0 0 0 0 0 8.6261295155470136e-10 -8.626129515547421e-10 0 0 
0.3994232641545456 0 0 0 0 0 0 0 0 8.6281136811151951e-10 -8.6281136811154454e-10 0 0 
0.39948078755823418 0 0 0 0 0 0 0 0 8.6299995033126082e-10 -8.6299995033129928e-10 0 0 
0.39953529799929316 0 0 0 0 0 0 0 0 8.6317866406006956e-10 -8.6317866406009634e-10 0 0 
0.39958679764427341 0 0 0 0 0 0 0 0 8.6334751493533403e-10 -8.6334751493535368e-10 0 0 
0.39963529104556944 0 0 0 0 0 0 0 0 8.6350651650027974e-10 -8.6350651650029691e-10 0 0 
0.39968076886794096 0 0 0 0 0 0 0 0 8.636556368438412e-10 -8.6365563684387284e-10 0 0 
0.39972321899343655 0 0 0 0 0 0 0 0 8.637948350063634e-10 -8.637948350064031e-10 0 0 
0.39976264641987103 0 0 0 0 0 0 0 0 8.6392412623135049e-10 -8.6392412623137086e-10 0 0 
0.39979906048114577 0 0 0 0 0 0 0 0 8.6404354006613071e-10 -8.6404354006615687e-10 0 0 
0.39983244980743293 0 0 0 0 0 0 0 0 8.6415303824590939e-10 -8.6415303824593648e-10 0 0 
0.39986279709770883 0 0 0 0 0 0 0 0 8.6425256313107075e-10 -8.6425256313110673e-10 0 0 
0.39989011185547924 0 0 0 0 0 0 0 0 8.6434214506776478e-10 -8.6434214506778877e-10 0 0 
0.39991441340955985 0 0 0 0 0 0 0 0 8.6442184671176926e-10 -8.6442184671178684e-10 0 0 
0.39993568592556789 0 0 0 0 0 0 0 0 8.6449161547774379e-10 -8.644916154777778e-10 0 0 
0.39995389704778628 0 0 0 0 0 0 0 0 8.6455134467046424e-10 -8.6455134467047831e-10 0 0 
0.39996906436632579 0 0 0 0 0 0 0 0 8.6460109148739336e-10 -8.6460109148741983e-10 0 0 
0.39998123915905026 0 0 0 0 0 0 0 0 8.6464102370547055e-10 -8.6464102370548358e-10 0 0 
0.3999903989246073 0 0 0 0 0 0 0 0 8.6467106719709827e-10 -8.6467106719711481e-10 0 0 
0.39999643917181321 0 0 0 0 0 0 0 0 8.6469087898833043e-10 -8.6469087898838213e-10 0 0 
0.39999940921925187 0 0 0 0 0 0 0 0 8.6470062067567379e-10 -8.6470062067568475e-10 0 0 
0.40014470978720729 0 0 0 0 0 0 0 0 8.6517723513131812e-10 -8.651772351313601e-10 0 0 
0.40087200732087713 0 0 0 0 0 0 0 0 8.6756385368177867e-10 -8.6756385368182106e-10 0 0 
0.4023504857678486 0 0 0 0 0 0 0 0 8.7242027537716402e-10 -8.7242027537720621e-10 0 0 
0.40459099165059786 0 0 0 0 0 0 0 0 8.7979197637680638e-10 -8.7979197637683533e-10 0 0 
0.40756595103244253 0 0 0 0 0 0 0 0 8.8960269906847215e-10 -8.8960269906851495e-10 0 0 
0.41126720661127747 0 0 0 0 0 0 0 0 9.0184399166765117e-10 -9.0184399166767196e-10 0 0 
0.41570415041144115 0 0 0 0 0 0 0 0 9.1656936979741639e-10 -9.1656936979743025e-10 0 0 
0.42087730558454084 0 0 0 0 0 0 0 0 9.3380684200589819e-10 -9.3380684200592838e-10 0 0 
0.42677418997626637 0 0 0 0 0 0 0 0 9.5354407668876579e-10 -9.5354407668877241e-10 0 0 
0.4333857211088733 0 0 0 0 0 0 0 0 9.7578213635587167e-10 -9.757821363558636e-10 0 0 
0.440710961269694 0 0 0 0 0 0 0 0 1.0005511979304084e-09 -1.0005511979303958e-09 0 0 
0.44874596479763007 0 0 0 0 0 0 0 0 1.0278726755516647e-09 -1.0278726755517195e-09 0 0 
0.45747943583370998 0 0 0 0 0 0 0 0 1.0577434518036851e-09 -1.0577434518037192e-09 0 0 
0.46690091015217572 0 0 0 0 0 0 0 0 1.0901627341744582e-09 -1.0901627341744694e-09 0 0 
0.47700458595107653 0 0 0 0 0 0 0 0 1.1251448032036293e-09 -1.1251448032036775e-09 0 0 
0.48778302557637798 0 0 0 0 0 0 0 0 1.1626969013732898e-09 -1.1626969013733034e-09 0 0 
0.49922381399572691 0 0 0 0 0 0 0 0 1.2028067361445282e-09 -1.2028067361445224e-09 0 0 
0.51131463105416608 0 0 0 0 0 0 0 0 1.2454593468873931e-09 -1.2454593468874306e-09 0 0 
0.52404621629588921 0 0 0 0 0 0 0 0 1.2906471828257273e-09 -1.2906471828257616e-09 0 0 
0.53740818894154807 0 0 0 0 0 0 0 0 1.3383550276292655e-09 -1.3383550276292945e-09 0 0 
0.55138642625179612 0 0 0 0 0 0 0 0 1.3885500585596893e-09 -1.3885500585597104e-09 0 0 
0.56596663032049499 0 0 0 0 0 0 0 0 1.4411940723632747e-09 -1.4411940723633239e-09 0 0 
0.58113671008641465 0 0 0 0 0 0 0 0 1.4962519062134121e-09 -1.4962519062134107e-09 0 0 
0.59688371641169957 0 0 0 0 0 0 0 0 1.5536802625470997e-09 -1.5536802625471237e-09 0 0 
0.61319169983749811 0 0 0 0 0 0 0 0 1.6134196557056653e-09 -1.6134196557056994e-09 0 0 
0.63004443393837062 0 0 0 0 0 0 0 0 1.6754041844296473e-09 -1.6754041844296525e-09 0 0 
0.64742740840993684 0 0 0 0 0 0 0 0 1.7395689383814014e-09 -1.7395689383814355e-09 0 0 
0.66532542305970377 0 0 0 0 0 0 0 0 1.805841288588261e-09 -1.8058412885882926e-09 0 0 
0.68372076947809513 0 0 0 0 0 0 0 0 1.8741342436427767e-09 -1.8741342436428123e-09 0 0 
0.70259543631942134 0 0 0 0 0 0 0 0 1.9443547811424737e-09 -1.9443547811424704e-09 0 0 
0.72193283779604134 0 0 0 0 0 0 0 0 2.0164105853343821e-09 -2.0164105853344019e-09 0 0 
0.74171582691895677 0 0 0 0 0 0 0 0 2.0902030022838343e-09 -2.0902030022838765e-09 0 0 
0.76192510001822056 0 0 0 0 0 0 0 0 2.1656214373919835e-09 -2.1656214373919976e-09 0 0 
0.78254106450705119 0 0 0 0 0 0 0 0 2.2425507327617977e-09 -2.2425507327618126e-09 0 0 
0.80354538512753948 0 0 0 0 0 0 0 0 2.3208773989158379e-09 -2.3208773989158458e-09 0 0 
0.82491927657116704 0 0 0 0 0 0 0 0 2.4004837125452291e-09 -2.4004837125452754e-09 0 0 
0.84664206205542669 0 0 0 0 0 0 0 0 2.481242853109518e-09 -2.4812428531095209e-09 0 0 
0.86869281341895688 0 0 0 0 0 0 0 0 2.5630255586680937e-09 -2.5630255586681396e-09 0 0 
0.89105177255089651 0 0 0 0 0 0 0 0 2.6457059161421988e-09 -2.6457059161422343e-09 0 0 
0.91369883464927226 0 0 0 0 0 0 0 0 2.7291562283193523e-09 -2.7291562283194036e-09 0 0 
0.93661221128141126 0 0 0 0 0 0 0 0 2.813242639624246e-09 -2.8132426396242642e-09 0 0 
0.95976991493173436 0 0 0 0 0 0 0 0 2.8978311828453632e-09 -2.8978311828453843e-09 0 0 
0.98315109814083901 0 0 0 0 0 0 0 0 2.9827931513751915e-09 -2.9827931513752328e-09 0 0 
1.0067346668417609 0 0 0 0 0 0 0 0 3.0680004607250558e-09 -3.0680004607250947e-09 0 0 
1.0304980098091647 0 0 0 0 0 0 0 0 3.1533215638118343e-09 -3.153321563811855e-09 0 0 
1.0544183784343379 0 0 0 0 0 0 0 0 3.2386269537002327e-09 -3.2386269537002492e-09 0 0 
1.0784741772834623 0 0 0 0 0 0 0 0 3.3237941368465009e-09 -3.3237941368465265e-09 0 0 
1.1026436631848888 0 0 0 0 0 0 0 0 3.4087032904377076e-09 -3.4087032904377274e-09 0 0 
1.1269037095793317 0 0 0 0 0 0 0 0 3.4932333163716771e-09 -3.4932333163716999e-09 0 0 
1.1512311198795371 0 0 0 0 0 0 0 0 3.5772668568141441e-09 -3.5772668568141541e-09 0 0 
1.175603898342388 0 0 0 0 0 0 0 0 3.6606949032705481e-09 -3.6606949032705948e-09 0 0 
1.2 0 0 0 0 0 0 0 0 3.7434126122281283e-09 -3.7434126122281382e-09 0 0 
1.2243961016576119 0 0 0 0 0 0 0 0 3.8253153903456706e-09 -3.8253153903456963e-09 0 0 
1.2487688801204628 0 0 0 0 0 0 0 0 3.9063034894758649e-09 -3.9063034894758716e-09 0 0 
1.2730962904206682 0 0 0 0 0 0 0 0 3.9862863102533135e-09 -3.9862863102533358e-09 0 0 
1.2973563368151111 0 0 0 0 0 0 0 0 4.0651782852902266e-09 -4.0651782852902324e-09 0 0 
1.3215258227165376 0 0 0 0 0 0 0 0 4.1428949211534326e-09 -4.1428949211534599e-09 0 0 
1.345581621565662 0 0 0 0 0 0 0 0 4.219357054852053e-09 -4.2193570548520918e-09 0 0 
1.3695019901908352 0 0 0 0 0 0 0 0 4.2944949349924564e-09 -4.2944949349924903e-09 0 0 
1.393265333158239 0 0 0 0 0 0 0 0 4.3682441132453692e-09 -4.3682441132453833e-09 0 0 
1.416848901859161 0 0 0 0 0 0 0 0 4.4405413879316227e-09 -4.4405413879316442e-09 0 0 
1.4402300850682654 0 0 0 0 0 0 0 0 4.5113288182699014e-09 -4.5113288182699113e-09 0 0 
1.4633877887185887 0 0 0 0 0 0 0 0 4.5805576880193049e-09 -4.5805576880193363e-09 0 0 
1.4863011653507276 0 0 0 0 0 0 0 0 4.6481843619048947e-09 -4.6481843619049237e-09 0 0 
1.5089482274491033 0 0 0 0 0 0 0 0 4.7141660790725953e-09 -4.7141660790725911e-09 0 0 
1.531307186581043 0 0 0 0 0 0 0 0 4.7784648327851174e-09 -4.7784648327851108e-09 0 0 
1.5533579379445732 0 0 0 0 0 0 0 0 4.8410513420498695e-09 -4.8410513420498786e-09 0 0 
1.5750807234288329 0 0 0 0 0 0 0 0 4.9019008308906758e-09 -4.9019008308906907e-09 0 0 
1.5964546148724605 0 0 0 0 0 0 0 0 4.9609886061445592e-09 -4.9609886061445625e-09 0 0 
1.6174589354929487 0 0 0 0 0 0 0 0 5.0182939204137265e-09 -5.0182939204137398e-09 0 0 
1.6380748999817794 0 0 0 0 0 0 0 0 5.0738041015461173e-09 -5.073804101546123e-09 0 0 
1.6582841730810431 0 0 0 0 0 0 0 0 5.127510199911087e-09 -5.127510199911087e-09 0 0 
1.6780671622039587 0 0 0 0 0 0 0 0 5.1794022510943761e-09 -5.1794022510944009e-09 0 0 
1.6974045636805786 0 0 0 0 0 0 0 0 5.2294732529616453e-09 -5.2294732529616461e-09 0 0 
1.7162792305219048 0 0 0 0 0 0 0 0 5.2777236406879073e-09 -5.2777236406879048e-09 0 0 
1.734674576940296 0 0 0 0 0 0 0 0 5.3241567201235264e-09 -5.3241567201235496e-09 0 0 
1.752572591590063 0 0 0 0 0 0 0 0 5.3687734539592162e-09 -5.3687734539592559e-09 0 0 
1.7699555660616293 0 0 0 0 0 0 0 0 5.4115767063455058e-09 -5.4115767063455074e-09 0 0 
1.7868083001625017 0 0 0 0 0 0 0 0 5.4525763200550451e-09 -5.4525763200550683e-09 0 0 
1.8031162835883003 0 0 0 0 0 0 0 0 5.4917842091632904e-09 -5.4917842091633401e-09 0 0 
1.8188632899135853 0 0 0 0 0 0 0 0 5.5292083969606519e-09 -5.5292083969606668e-09 0 0 
1.834033369679505 0 0 0 0 0 0 0 0 5.564857723718781e-09 -5.5648577237187835e-09 0 0 
1.8486135737482039 0 0 0 0 0 0 0 0 5.5987479184045611e-09 -5.5987479184045644e-09 0 0 
1.8625918110584518 0 0 0 0 0 0 0 0 5.6308961522351554e-09 -5.6308961522351728e-09 0 0 
1.8759537837041107 0 0 0 0 0 0 0 0 5.6613138469984744e-09 -5.6613138469984942e-09 0 0 
1.8886853689458338 0 0 0 0 0 0 0 0 5.6900121191132742e-09 -5.6900121191132709e-09 0 0 
1.9007761860042729 0 0 0 0 0 0 0 0 5.7170095265617494e-09 -5.7170095265617593e-09 0 0 
1.9122169744236219 0 0 0 0 0 0 0 0 5.7423257690004667e-09 -5.7423257690005006e-09 0 0 
1.9229954140489234 0 0 0 0 0 0 0 0 5.7659723377594893e-09 -5.7659723377594959e-09 0 0 
1.9330990898478242 0 0 0 0 0 0 0 0 5.7879591045254692e-09 -5.7879591045254973e-09 0 0 
1.9425205641662899 0 0 0 0 0 0 0 0 5.8083051067512598e-09 -5.8083051067512739e-09 0 0 
1.95125403520237 0 0 0 0 0 0 0 0 5.8270309032193503e-09 -5.8270309032193941e-09 0 0 
1.9592890387303059 0 0 0 0 0 0 0 0 5.8441450142259175e-09 -5.8441450142259473e-09 0 0 
1.9666142788911265 0 0 0 0 0 0 0 0 5.8596522399660031e-09 -5.859652239966013e-09 0 0 
1.9732258100237337 0 0 0 0 0 0 0 0 5.8735707727340498e-09 -5.8735707727340465e-09 0 0 
1.9791226944154592 0 0 0 0 0 0 0 0 5.8859226340924358e-09 -5.8859226340924606e-09 0 0 
1.9842958495885588 0 0 0 0 0 0 0 0 5.8967103008951716e-09 -5.8967103008951948e-09 0 0 
1.9887327933887224 0 0 0 0 0 0 0 0 5.9059268504217098e-09 -5.9059268504217255e-09 0 0 
1.9924340489675574 0 0 0 0 0 0 0 0 5.9135898797667875e-09 -5.9135898797668041e-09 0 0 
1.995409008349402 0 0 0 0 0 0 0 0 5.9197325073874377e-09 -5.9197325073874286e-09 0 0 
1.9976495142321513 0 0 0 0 0 0 0 0 5.9243488399722129e-09 -5.9243488399722269e-09 0 0 
1.9991279926791228 0 0 0 0 0 0 0 0 5.927390478093777e-09 -5.9273904780937745e-09 0 0 
1.9998552902127926 0 0 0 0 0 0 0 0 5.9288853836820496e-09 -5.9288853836820538e-09 0 0 
2.0052457297862674 0 0 0 0 0 0 0 0 5.9399373715083822e-09 -5.9399373715084029e-09 0 0 
2.0316102653817971 0 0 0 0 0 0 0 0 5.9932918751361244e-09 -5.9932918751361476e-09 0 0 
2.0852051090845158 0 0 0 0 0 0 0 0 6.0981894136607441e-09 -6.0981894136607582e-09 0 0 
2.166423447334175 0 0 0 0 0 0 0 0 6.2481655627040795e-09 -6.2481655627040977e-09 0 0 
2.2742657249260461 0 0 0 0 0 0 0 0 6.430940290031753e-09 -6.4309402900317571e-09 0 0 
2.4084362396588119 0 0 0 0 0 0 0 0 6.6331540634271663e-09 -6.6331540634271911e-09 0 0 
2.5692754524147468 0 0 0 0 0 0 0 0 6.8405247041677186e-09 -6.8405247041677277e-09 0 0 
2.7568023274396083 0 0 0 0 0 0 0 0 7.0371756935871187e-09 -7.0371756935871286e-09 0 0 
2.9705643866396585 0 0 0 0 0 0 0 0 7.2070061637470378e-09 -7.2070061637470642e-09 0 0 
3.2102323901966621 0 0 0 0 0 0 0 0 7.3356975976337654e-09 -7.335697597633762e-09 0 0 
3.4757723460264138 0 0 0 0 0 0 0 0 7.4115973296490329e-09 -7.4115973296490461e-09 0 0 
3.7670412239140916 0 0 0 0 0 0 0 0 7.4261265182252196e-09 -7.4261265182252154e-09 0 0 
4.0836295489719916 0 0 0 0 0 0 0 0 7.374362359027396e-09 -7.374362359027401e-09 0 0 
4.4251579930163736 0 0 0 0 0 0 0 0 7.255192809488615e-09 -7.2551928094886166e-09 0 0 
4.7914162407265266 0 0 0 0 0 0 0 0 7.0708636144391114e-09 -7.0708636144391246e-09 0 0 
5.1821346771437078 0 0 0 0 0 0 0 0 6.8264503722739554e-09 -6.8264503722739554e-09 0 0 
5.596863257345106 0 0 0 0 0 0 0 0 6.5292927548084042e-09 -6.5292927548083992e-09 0 0 
6.0351553757135221 0 0 0 0 0 0 0 0 6.1881517903528656e-09 -6.1881517903528665e-09 0 0 
6.4966753407259858 0 0 0 0 0 0 0 0 5.8123793634780986e-09 -5.8123793634781036e-09 0 0 
6.9810468491311184 0 0 0 0 0 0 0 0 5.4114148884232437e-09 -5.411414888423247e-09 0 0 
7.4877579516276107 0 0 0 0 0 0 0 0 4.994399240189938e-09 -4.9943992401899355e-09 0 0 
8.0162903491179449 0 0 0 0 0 0 0 0 4.5697368323139895e-09 -4.5697368323139912e-09 0 0 
8.5662057406325331 0 0 0 0 0 0 0 0 4.1448386771725464e-09 -4.1448386771725439e-09 0 0 
9.1370347199241095 0 0 0 0 0 0 0 0 3.7261523660591916e-09 -3.7261523660591999e-09 0 0 
9.7281991191093056 0 0 0 0 0 0 0 0 3.3192353884919163e-09 -3.3192353884919167e-09 0 0 
10.339110730265936 0 0 0 0 0 0 0 0 2.9287463092700141e-09 -2.9287463092700128e-09 0 0 
10.969243554860213 0 0 0 0 0 0 0 0 2.558496579967131e-09 -2.5584965799671343e-09 0 0 
11.618046585914264 0 0 0 0 0 0 0 0 2.2115980044771178e-09 -2.2115980044771195e-09 0 0 
12.284877893580951 0 0 0 0 0 0 0 0 1.8905455301147713e-09 -1.8905455301147713e-09 0 0 
12.969084566579024 0 0 0 0 0 0 0 0 1.5971865223192444e-09 -1.5971865223192452e-09 0 0 
13.670065370106499 0 0 0 0 0 0 0 0 1.3326942440707195e-09 -1.3326942440707193e-09 0 0 
14.387198725812187 0 0 0 0 0 0 0 0 1.0975882341220098e-09 -1.0975882341220092e-09 0 0 
15.119784875660498 0 0 0 0 0 0 0 0 8.9173523350021416e-10 -8.9173523350021488e-10 0 0 
15.86711358838061 0 0 0 0 0 0 0 0 7.1433218214179989e-10 -7.1433218214179989e-10 0 0 
16.628520210873308 0 0 0 0 0 0 0 0 5.639459024986183e-10 -5.639459024986184e-10 0 0 
17.403323775704809 0 0 0 0 0 0 0 0 4.3862030274903822e-10 -4.3862030274903848e-10 0 0 
18.190774749509224 0 0 0 0 0 0 0 0 3.3600151053929832e-10 -3.3600151053929889e-10 0 0 
18.990114486437186 0 0 0 0 0 0 0 0 2.5346686531569534e-10 -2.5346686531569549e-10 0 0 
19.800626754970001 0 0 0 0 0 0 0 0 1.8827164647478628e-10 -1.8827164647478649e-10 0 0 
20.621582756036126 0 0 0 0 0 0 0 0 1.3769712760850332e-10 -1.3769712760850337e-10 0 0 
21.452192658951162 0 0 0 0 0 0 0 0 9.9169051984639812e-11 -9.9169051984639812e-11 0 0 
22.291659416275373 0 0 0 0 0 0 0 0 7.0340565367336599e-11 -7.0340565367336637e-11 0 0 
23.139227307605417 0 0 0 0 0 0 0 0 4.914748549035201e-11 -4.9147485490352016e-11 0 0 
23.994131673013836 0 0 0 0 0 0 0 0 3.3835737657854277e-11 -3.383573765785429e-11 0 0 
24.855552855582225 0 0 0 0 0 0 0 0 2.2960135838690237e-11 -2.2960135838690237e-11 0 0 
25.722666218244751 0 0 0 0 0 0 0 0 1.5362590156492625e-11 -1.5362590156492628e-11 0 0 
26.594688926525507 0 0 0 0 0 0 0 0 1.0139613282125388e-11 -1.0139613282125386e-11 0 0 
27.470832790452228 0 0 0 0 0 0 0 0 6.6044530343403929e-12 -6.6044530343403962e-12 0 0 
28.350259472250777 0 0 0 0 0 0 0 0 4.2474301869725681e-12 -4.2474301869725665e-12 0 0 
29.232128095633218 0 0 0 0 0 0 0 0 2.6984703387491757e-12 -2.6984703387491765e-12 0 0 
30.115641314911567 0 0 0 0 0 0 0 0 1.6944923258665681e-12 -1.6944923258665704e-12 0 0 
31 0 0 0 0 0 0 0 0 1.0522751684005187e-12 -1.0522751684005189e-12 0 0 
31.884358685088433 0 0 0 0 0 0 0 0 6.4660974832527113e-13 -6.4660974832527134e-13 0 0 
32.767871904366785 0 0 0 0 0 0 0 0 3.9340580682689581e-13 -3.9340580682689475e-13 0 0 
33.649740527749223 0 0 0 0 0 0 0 0 2.3712730304721294e-13 -2.3712730304721239e-13 0 0 
34.529167209547772 0 0 0 0 0 0 0 0 1.4168538910808328e-13 -1.4168538910808285e-13 0 0 
35.405311073474493 0 0 0 0 0 0 0 0 8.3974331018312507e-14 -8.3974331018312507e-14 0 0 
36.277333781755246 0 0 0 0 0 0 0 0 4.9399694951721373e-14 -4.9399694951721354e-14 0 0 
37.144447144417775 0 0 0 0 0 0 0 0 2.8861961914500204e-14 -2.8861961914500197e-14 0 0 
38.00586832698616 0 0 0 0 0 0 0 0 1.6757874908897171e-14 -1.6757874908897165e-14 0 0 
38.860772692394583 0 0 0 0 0 0 0 0 9.6757323272177344e-15 -9.6757323272177329e-15 0 0 
39.708340583724627 0 0 0 0 0 0 0 0 5.5590508384796814e-15 -5.5590508384796821e-15 0 0 
40.547807341048838 0 0 0 0 0 0 0 0 3.1800508880030403e-15 -3.1800508880030403e-15 0 0 
41.378417243963874 0 0 0 0 0 0 0 0 1.8123633429929642e-15 -1.8123633429929642e-15 0 0 
42.199373245030003 0 0 0 0 0 0 0 0 1.0296893821730575e-15 -1.0296893821730573e-15 0 0 
43.009885513562814 0 0 0 0 0 0 0 0 5.835598303746678e-16 -5.835598303746678e-16 0 0 
43.809225250490776 0 0 0 0 0 0 0 0 3.3008818690434458e-16 -3.3008818690434458e-16 0 0 
44.596676224295194 0 0 0 0 0 0 0 0 1.8645717321265573e-16 -1.864571732126557e-16 0 0 
45.371479789126695 0 0 0 0 0 0 0 0 1.0523983092907205e-16 -1.0523983092907206e-16 0 0 
46.132886411619388 0 0 0 0 0 0 0 0 5.9384346566737437e-17 -5.9384346566737425e-17 0 0 
46.8802151243395 0 0 0 0 0 0 0 0 3.3516864525139555e-17 -3.3516864525139561e-17 0 0 
47.612801274187817 0 0 0 0 0 0 0 0 1.8929843245026873e-17 -1.8929843245026861e-17 0 0 
48.329934629893501 0 0 0 0 0 0 0 0 1.0703311327451421e-17 -1.0703311327451416e-17 0 0 
49.030915433420972 0 0 0 0 0 0 0 0 6.0611260533835406e-18 -6.061126053383536e-18 0 0 
49.715122106419045 0 0 0 0 0 0 0 0 3.4385983298246421e-18 -3.4385983298246428e-18 0 0 
50.381953414085736 0 0 0 0 0 0 0 0 1.9547768534405903e-18 -1.9547768534405891e-18 0 0 
51.030756445139787 0 0 0 0 0 0 0 0 1.1137303920012617e-18 -1.1137303920012611e-18 0 0 
51.660889269734064 0 0 0 0 0 0 0 0 6.3600775850694696e-19 -6.3600775850694648e-19 0 0 
52.271800880890694 0 0 0 0 0 0 0 0 3.6398446230040172e-19 -3.6398446230040119e-19 0 0 
52.86296528007589 0 0 0 0 0 0 0 0 2.0868355282982335e-19 -2.0868355282982327e-19 0 0 
53.433794259367467 0 0 0 0 0 0 0 0 1.1979500279481792e-19 -1.197950027948178e-19 0 0 
53.983709650882055 0 0 0 0 0 0 0 0 6.8791327395269013e-20 -6.8791327395269001e-20 0 0 
54.512242048372386 0 0 0 0 0 0 0 0 3.9454128717680831e-20 -3.9454128717680783e-20 0 0 
55.018953150868882 0 0 0 0 0 0 0 0 2.2545467463903067e-20 -2.2545467463903025e-20 0 0 
55.503324659274014 0 0 0 0 0 0 0 0 1.2789129531065962e-20 -1.2789129531065947e-20 0 0 
55.964844624286478 0 0 0 0 0 0 0 0 7.1592474383893028e-21 -7.1592474383892878e-21 0 0 
56.403136742654894 0 0 0 0 0 0 0 0 3.9145203998737943e-21 -3.9145203998737875e-21 0 0 
56.817865322856292 0 0 0 0 0 0 0 0 2.0510589507417482e-21 -2.0510589507417452e-21 0 0 
57.208583759273473 0 0 0 0 0 0 0 0 9.8865282257330181e-22 -9.8865282257329843e-22 0 0 
57.57484200698363 0 0 0 0 0 0 0 0 3.9051796012907299e-22 -3.9051796012906923e-22 0 0 
57.916370451028008 0 0 0 0 0 0 0 0 6.0622591588644895e-23 -6.0622591588643061e-23 0 0 
58.232958776085908 0 0 0 0 0 0 0 0 -1.1506124040028878e-22 1.1506124040028965e-22 0 0 
58.524227653973583 0 0 0 0 0 0 0 0 -2.0284757706611326e-22 2.0284757706611343e-22 0 0 
58.789767609803334 0 0 0 0 0 0 0 0 -2.4138336175631724e-22 2.4138336175631715e-22 0 0 
59.029435613360342 0 0 0 0 0 0 0 0 -2.5314208192066066e-22 2.531420819206607e-22 0 0 
59.243197672560392 0 0 0 0 0 0 0 0 -2.5106974686808469e-22 2.5106974686808488e-22 0 0 
59.430724547585257 0 0 0 0 0 0 0 0 -2.4257294524534236e-22 2.4257294524534241e-22 0 0 
59.591563760341188 0 0 0 0 0 0 0 0 -2.3186444199732895e-22 2.3186444199732947e-22 0 0 
59.725734275073954 0 0 0 0 0 0 0 0 -2.2126109166708142e-22 2.2126109166708147e-22 0 0 
59.833576552665825 0 0 0 0 0 0 0 0 -2.1197178932775711e-22 2.1197178932775678e-22 0 0 
59.914794890915488 0 0 0 0 0 0 0 0 -2.046575794767319e-22 2.0465757947673206e-22 0 0 
59.968389734618199 0 0 0 0 0 0 0 0 -1.9972207996372685e-22 1.9972207996372687e-22 0 0 
59.994754270213733 0 0 0 0 0 0 0 0 -1.9726953902550147e-22 1.9726953902550137e-22 0 0 
